107.6176 957.2883 3359.0520 153.0068 823.1763 3410.2270 152.6295 755.7106 3434.2230 150.9372 549.3342 3498.2720 147.6257 269.1344 3575.6650 283.0472 709.5162 3369.3590 337.4784 455.4156 3410.5340 325.7150 217.0170 3405.0450 312.2109 132.6269 3405.6300 12.3354 741.1086 3543.0010 8.2740 468.6563 3644.3550 -26.8115 247.9268 3673.1070 -34.4541 176.5334 3683.3150 203.9929 265.0974 3506.9060 242.3048 -133.4785 3676.7200 283.9921 -476.7893 3835.1110 218.2501 -547.4325 3821.7780 88.1495 268.9070 3577.8370 119.6308 -63.1231 3693.8120 197.8788 -425.4318 3868.5360 184.2195 -520.5196 3828.5380
107.5898 957.4517 3359.2360 152.8789 823.0051 3410.8100 152.5076 755.5376 3434.7460 150.8496 549.1673 3498.6200 147.6163 268.9695 3575.8540 282.6440 709.4356 3369.5640 337.4622 455.4509 3410.6380 325.6600 217.3251 3405.1240 314.6542 129.5169 3412.5980 12.0736 741.0658 3544.4220 8.1759 467.2665 3645.6990 -25.8295 246.0963 3673.6350 -31.4499 179.9903 3691.0520 203.9959 264.4666 3507.3260 242.3066 -133.4365 3676.5460 279.4594 -455.2834 3840.0980 235.1577 -541.6941 3813.8880 88.1555 268.8979 3577.9610 135.4758 -109.0475 3724.6580 197.5839 -425.6532 3869.6570 183.9611 -520.9546 3832.9580
108.0118 957.5287 3361.6020 152.5274 823.1524 3413.9430 152.2309 755.6672 3437.7680 150.8183 549.2541 3501.2930 148.0062 268.9836 3578.1560 282.4739 709.3781 3371.4730 337.6466 455.5252 3411.9210 325.5189 217.9431 3407.4850 317.3827 131.0769 3418.7120 11.8545 744.4364 3553.4770 9.7898 473.1621 3650.0890 -28.3768 254.0989 3683.6420 -29.9707 190.1987 3704.9350 204.2885 264.1028 3508.8670 243.0910 -135.2849 3678.7240 280.6495 -439.0209 3830.8840 241.9322 -526.8225 3814.4410 88.7819 269.3759 3581.4780 139.7973 -117.1387 3729.0380 187.7990 -422.1259 3879.1330 186.8253 -516.9500 3830.7240
107.1916 958.0085 3360.3450 150.4886 823.0184 3410.5160 150.6110 755.6354 3434.6700 150.2332 549.4611 3498.9920 148.4860 269.4204 3576.4270 282.1055 709.1958 3371.0550 337.5092 455.7324 3411.3650 325.5748 217.7456 3406.8790 312.6432 132.5248 3410.5440 11.4474 744.2338 3547.1580 10.7696 472.4205 3645.7100 -28.3379 254.1091 3682.3660 -32.4937 185.8595 3689.7080 205.1732 264.7904 3506.2670 245.2634 -135.5519 3676.5320 285.9677 -435.9018 3825.3080 241.7367 -520.0275 3815.1470 88.9979 269.5427 3580.4240 115.3104 -60.1896 3702.0980 189.2573 -421.9409 3877.6700 184.7792 -517.2723 3833.0030
105.9908 956.6048 3355.9310 149.0521 823.0721 3406.0500 149.3308 755.5877 3430.3120 149.5114 549.1458 3495.0150 148.6525 268.7859 3573.0530 281.1404 708.9589 3368.3500 336.5958 454.6005 3408.8900 325.5200 217.5899 3406.4030 311.3241 134.9434 3410.7980 10.3878 741.8900 3539.3640 8.6885 465.9927 3640.7810 -28.2927 248.5110 3676.5360 -30.3575 182.0074 3679.9600 205.4152 263.0047 3504.6270 243.3390 -134.8031 3675.9720 284.4132 -435.2486 3825.2520 241.3350 -520.0197 3814.6570 89.0821 270.5885 3573.7650 138.5656 -115.4096 3718.7960 193.8886 -424.4314 3867.4270 182.1662 -519.9440 3830.5770
105.6505 956.3162 3355.7310 148.8545 823.2145 3405.2430 149.1240 755.6747 3429.5670 149.3155 549.0920 3494.4450 148.5418 268.5916 3572.7120 280.9183 709.0155 3368.1360 336.5603 454.6480 3408.5710 325.5202 217.5967 3406.0370 314.2974 131.1219 3409.7070 10.5104 741.8339 3538.7260 8.1145 465.0374 3640.5870 -28.0932 248.9910 3676.6470 -32.4434 187.4585 3689.8150 205.3627 262.6602 3504.3360 244.4880 -136.5479 3674.6200 281.3704 -435.3189 3826.1700 239.9102 -521.6099 3811.8980 88.9486 270.4671 3573.5550 133.8116 -105.4944 3716.9670 195.3553 -424.4319 3862.7000 180.4315 -519.5605 3825.8050
105.3484 955.7563 3354.9030 148.8315 823.1568 3404.6550 149.0592 755.5721 3428.8340 149.1139 548.8057 3493.2050 148.2155 267.9379 3570.7230 280.3628 708.7833 3367.5660 336.4716 454.5944 3408.2880 325.5606 217.6935 3405.7160 314.2212 134.7349 3411.8700 10.4447 741.7366 3538.6730 6.9104 466.4300 3641.1320 -28.1326 249.0841 3676.6000 -31.2207 185.6741 3693.9340 205.0473 262.4248 3502.4490 241.5879 -138.7791 3679.9260 279.3538 -436.7382 3827.7750 238.1656 -523.6591 3810.5640 88.6428 269.2333 3571.8680 138.5529 -105.0934 3715.0600 194.5632 -423.1743 3863.7070 182.8235 -518.5789 3824.8930
105.4847 956.0931 3355.6510 147.4922 822.4121 3407.3380 147.7994 754.9168 3431.3810 148.1330 548.4092 3495.4060 147.6555 267.8326 3572.6480 280.0619 708.8212 3367.9560 336.5381 454.6424 3408.4320 327.8199 203.5033 3410.1690 318.1373 124.7000 3419.7090 9.6596 742.8399 3541.2630 5.0593 471.7269 3640.5730 -28.4837 249.8354 3676.7310 -31.3946 185.3904 3692.3200 204.1136 262.0747 3504.4630 243.2943 -138.2833 3680.6340 277.8583 -437.3578 3829.8110 237.7038 -525.0583 3810.2440 88.4039 269.2091 3574.2150 144.4063 -121.7923 3723.4670 196.0366 -424.9029 3863.7920 182.6495 -520.1059 3824.8870
105.5433 956.1642 3356.6420 147.2214 822.1161 3407.1890 147.5929 754.6840 3431.3670 147.9843 548.1928 3495.8330 147.7816 267.6232 3574.8430 279.6436 708.8075 3368.1060 336.4045 455.5810 3409.0830 328.1007 208.4775 3410.7130 316.7064 125.8587 3422.5110 9.5655 743.8560 3542.3180 3.9972 473.3230 3644.1520 -28.5188 249.9685 3678.2480 -32.7618 188.3717 3698.6320 204.0059 261.5403 3506.6000 243.3251 -137.9702 3680.0860 273.8152 -478.0851 3836.0320 212.2989 -553.6798 3813.5870 88.8155 269.2130 3576.7960 131.8998 -104.3021 3722.9760 196.1276 -424.4980 3864.6420 185.4124 -520.1199 3828.0450
105.2321 955.9091 3356.4790 146.6973 821.9575 3407.4550 147.0998 754.5197 3431.5860 147.6344 548.0486 3495.9280 147.5984 267.5105 3574.7640 279.2737 708.7541 3368.0620 336.3572 455.3837 3409.0670 327.4768 202.7849 3411.1160 313.8781 124.1718 3418.1630 9.4917 743.8555 3542.3700 3.8457 471.4096 3644.3850 -28.7208 251.3178 3678.8080 -31.7516 186.0477 3698.2830 203.8932 261.3622 3506.5240 244.5133 -138.9565 3680.7170 270.9178 -478.9968 3837.7450 212.6537 -557.2131 3811.9270 88.5269 269.1264 3576.7200 132.4248 -105.6038 3722.2350 197.8677 -426.4114 3863.0740 189.9634 -522.3275 3829.5290
105.1063 955.8919 3356.6180 146.6157 821.9657 3407.4630 147.0123 754.5232 3431.6280 147.5173 548.0421 3496.1680 147.5216 267.4859 3575.3620 278.6171 708.5733 3368.0090 336.2480 455.3034 3409.7140 327.1886 205.4754 3411.7590 315.7515 124.6247 3420.3250 9.1829 743.6786 3542.9680 3.8552 469.2624 3645.9520 -33.0594 254.4457 3684.2120 -33.7468 204.8061 3697.0670 203.7950 261.1684 3507.0900 244.5244 -138.8942 3680.6760 280.3855 -453.9430 3829.6910 231.3051 -536.6601 3813.9550 88.4768 269.2376 3577.4470 134.0851 -115.7957 3728.1540 198.5856 -425.9911 3864.2400 189.8155 -521.8523 3830.5140
104.6649 956.0298 3358.6540 146.5221 821.5970 3409.4820 146.9031 754.1039 3433.9470 147.4385 547.5110 3499.4680 147.5977 266.8691 3579.6160 278.0147 708.8846 3369.8700 335.6705 453.8972 3413.2710 327.1197 210.5528 3414.4470 318.7024 125.2395 3427.8050 7.1349 742.7821 3549.8860 4.1536 470.1472 3650.5480 -32.9322 255.2266 3688.2260 -34.3995 199.8353 3704.9820 203.5579 260.6355 3511.7700 245.0477 -140.4979 3684.2160 278.0446 -468.2317 3840.2880 223.4634 -549.0781 3812.7370 88.8671 268.4420 3581.4210 130.5129 -107.9269 3729.1380 197.9096 -428.6750 3872.2060 189.9240 -524.2873 3832.3920
104.4912 956.0624 3358.3280 145.6542 821.3733 3408.5690 146.1943 753.9408 3433.2260 147.1400 547.4929 3499.1800 147.5655 266.9114 3579.5640 277.3334 708.8003 3369.5960 335.7719 454.2302 3413.2270 326.6118 213.5239 3412.1330 314.6843 132.9896 3417.0210 8.2277 744.8447 3552.6320 4.0974 467.8746 3651.1110 -32.6640 252.2738 3685.9400 -35.2218 192.9449 3693.5320 203.2026 260.7375 3511.4360 245.7028 -140.0182 3682.6130 277.8369 -449.9881 3844.0530 235.2796 -537.4110 3810.5950 88.9557 268.4824 3581.4500 130.0239 -105.0757 3726.1710 197.1440 -427.4232 3871.8200 190.8559 -523.1863 3832.6240
103.8592 955.6866 3357.3240 144.9361 821.3440 3407.4760 145.5880 753.8513 3432.0740 146.9118 547.2398 3497.7790 148.0756 266.3579 3577.4170 276.7054 708.9116 3369.0950 335.5834 454.2998 3413.0490 326.3404 213.8406 3411.9220 312.6195 133.3384 3417.9760 6.0776 743.1446 3548.5720 3.4579 468.7841 3650.1150 -31.8903 252.6959 3683.7790 -33.9561 183.6842 3692.9510 203.9862 260.5007 3509.4980 245.8990 -140.0528 3682.5480 269.5183 -441.7614 3840.4410 242.1172 -534.5149 3809.3890 89.2256 267.4972 3579.0630 130.3207 -102.6550 3723.7300 187.0741 -421.1511 3869.9750 191.4236 -517.1362 3839.6980
103.1405 956.0772 3356.6920 144.4369 821.0182 3405.5540 145.0281 753.5425 3430.4440 146.2776 547.0073 3496.8730 147.3845 266.2145 3577.1220 275.8363 708.5158 3367.7690 335.3319 454.5228 3412.6050 323.0089 202.8608 3410.9820 307.9524 128.0132 3420.1960 5.0457 741.9668 3546.5590 2.4196 470.2606 3649.1500 -32.0868 253.5834 3680.6120 -34.2938 183.0564 3688.4220 203.4240 260.4623 3509.3810 245.8997 -140.0823 3682.3790 273.2634 -439.9119 3838.0850 240.8594 -531.1540 3810.2930 88.4389 267.1976 3578.5800 121.0516 -63.1470 3697.7940 186.3389 -420.7029 3870.5350 190.9892 -516.6898 3837.9950
102.9910 956.4123 3357.7190 143.9087 820.7269 3406.0620 144.4585 753.2467 3431.0010 145.5971 546.7229 3497.6270 146.5477 265.9983 3578.2860 275.3166 708.0159 3368.2620 335.7694 455.4479 3414.1250 322.7085 208.0660 3411.2770 307.7967 128.4559 3422.4830 4.6330 741.7476 3546.8580 2.1316 472.3185 3648.3460 -31.1919 255.3143 3679.1560 -34.9874 179.6595 3688.4740 202.4645 260.2218 3510.7710 244.1532 -141.5215 3680.2450 273.3389 -439.6922 3838.5380 240.0835 -530.7186 3809.2100 87.7544 266.9843 3579.5890 132.5117 -126.9544 3724.6530 184.0754 -421.0766 3870.8360 190.9075 -516.7716 3833.6280
102.6576 956.3293 3358.1280 143.8314 820.6460 3406.1460 144.2632 753.1319 3431.1960 144.7108 546.5300 3498.4910 143.9633 265.8259 3580.9030 274.8980 707.8912 3368.3850 336.7794 456.8474 3416.6920 321.8892 209.6782 3411.3960 299.7840 129.7869 3416.7280 2.7564 742.2752 3549.5100 3.2756 490.5178 3652.4380 -31.8507 258.5680 3677.4790 -37.7738 186.2385 3680.6170 199.7901 259.5948 3513.0320 255.3521 -179.6454 3697.6760 271.2828 -457.5036 3847.4350 230.4122 -545.2841 3808.0260 85.3089 267.2621 3582.6920 133.5209 -126.3078 3723.6130 181.7904 -418.4158 3871.6550 191.4399 -513.8348 3834.0230
102.5055 956.2609 3358.1100 143.1742 820.5366 3406.0970 143.5492 753.0133 3431.1590 143.9381 546.4056 3498.4770 143.3396 265.7222 3580.8560 273.6328 707.1871 3368.2560 339.8509 459.8997 3420.6860 320.9625 216.3383 3410.1400 294.3521 137.4440 3406.6670 2.7047 742.0424 3549.5030 5.2010 486.6987 3656.7570 -35.0169 259.1021 3671.9370 -42.6754 196.4175 3655.9910 199.4322 259.4914 3512.9660 248.8863 -148.8377 3665.9770 256.0944 -472.7776 3843.3580 234.6821 -566.5723 3808.0380 84.4013 267.1602 3582.6850 133.8963 -126.1663 3723.0450 175.7703 -437.4981 3887.0830 195.2722 -527.1406 3826.7330
101.4012 955.6295 3357.2010 142.1793 819.2737 3404.8430 142.4718 751.9627 3430.2350 142.6031 545.8035 3498.2690 141.3305 265.5882 3581.5030 272.7263 706.4508 3367.5020 344.0996 461.4568 3423.1360 309.7675 217.5324 3403.0000 275.3437 145.9018 3383.6580 2.4738 742.2829 3549.3250 8.7371 489.1662 3662.9150 -45.1052 269.4274 3652.9330 -67.3736 220.3623 3624.7150 197.3797 258.6992 3514.0330 236.8182 -148.1017 3668.8930 265.5072 -454.9585 3836.4970 235.1567 -546.4122 3812.8520 82.3584 267.6081 3582.9960 111.7881 -96.1232 3698.8950 175.1334 -438.0102 3884.4350 194.7041 -528.3055 3826.4100
100.6922 956.0133 3357.0260 141.1736 818.5520 3402.2410 140.8308 751.2909 3427.9020 138.2430 545.2483 3496.4410 130.8110 265.4460 3580.8220 270.2831 705.0298 3366.0660 354.3943 468.7336 3425.7560 295.1768 236.9268 3373.1580 259.1257 165.8686 3342.2200 2.2265 741.7663 3545.5860 9.1501 491.0297 3662.9090 -77.6018 288.0267 3618.0060 -98.6349 245.3745 3577.4120 188.4419 257.8436 3515.5820 227.9194 -110.9331 3626.9440 254.7362 -473.5481 3843.1510 237.7115 -568.0993 3807.8140 70.0387 268.2942 3579.6090 112.4954 -96.0145 3696.2370 180.4911 -431.1684 3881.6070 192.4899 -524.2464 3829.2030
99.2749 955.4608 3356.4710 140.7859 818.5772 3401.3740 139.9515 751.3670 3427.1530 134.5606 545.7268 3496.3170 122.1768 266.8831 3582.7510 268.6161 704.5611 3364.7700 362.9885 485.6406 3426.1120 287.2297 282.0699 3337.6630 242.7094 212.1237 3289.7910 2.4089 741.3746 3544.2730 9.4283 492.8555 3664.1340 -114.9964 329.8149 3565.9440 -130.0661 307.3869 3525.4160 180.1672 258.1443 3517.6730 215.7727 -130.3246 3642.9350 253.3314 -471.3724 3842.0920 236.2815 -565.9791 3811.6070 61.6486 270.7879 3581.5060 110.9331 -96.4890 3694.8500 179.0082 -428.7511 3877.2240 193.2738 -522.7027 3831.7100
97.6545 955.9938 3354.2500 137.1494 818.6406 3396.8850 135.3766 751.9615 3422.3890 127.9849 548.2598 3491.0480 115.0146 272.3024 3576.1490 266.8526 704.2319 3361.9910 371.7747 507.3761 3413.4730 278.4880 339.1099 3289.3110 231.6318 293.8367 3230.6410 0.3457 743.3737 3541.2470 8.3187 491.4034 3667.1850 -160.3842 422.3626 3529.4000 -163.5580 400.2552 3469.7930 172.6147 263.2678 3511.8200 221.1466 -138.6390 3643.6320 251.5055 -470.2788 3843.0340 235.0037 -564.9801 3812.1480 55.2298 276.2986 3574.3460 109.4892 -98.2916 3694.9630 176.7072 -430.7819 3878.3640 191.2312 -524.2686 3830.1490
96.6370 956.9932 3351.8640 136.2064 819.6238 3395.5630 134.3469 753.2810 3420.9450 127.1256 550.7049 3489.2170 115.4101 276.7639 3573.1140 265.5682 706.1056 3357.6370 379.3626 515.6006 3379.5450 278.8272 376.7317 3226.2470 218.4008 391.5012 3147.1970 -0.4074 748.0145 3538.0760 -30.2193 539.4212 3627.6690 -188.7962 514.2390 3464.0630 -187.5204 511.8307 3402.4490 171.9788 274.8453 3504.2600 221.7534 -139.2286 3643.4920 253.5916 -469.8173 3840.3580 220.5868 -560.4414 3814.8440 55.7732 277.0306 3573.7500 106.0811 -95.1548 3693.8930 179.3681 -428.2665 3860.1670 182.9394 -524.2041 3831.0670
95.5018 968.0554 3337.9140 131.5133 831.2495 3375.7950 130.6219 765.0074 3402.4560 126.8096 562.4478 3474.0990 120.0986 288.3076 3560.8370 259.4196 718.7814 3337.1520 361.3052 517.7469 3322.8340 253.0730 398.3117 3158.3020 194.4660 377.3650 3093.8520 -2.8762 759.5605 3515.4860 -57.5518 566.1864 3602.1330 -198.6392 621.0018 3430.2440 -200.2123 634.5470 3353.5020 175.5608 282.6158 3494.2160 242.1440 -167.4880 3653.9150 265.2797 -447.2302 3799.6270 202.6052 -515.4782 3697.5310 61.5965 289.1242 3561.8360 103.2006 -94.8717 3686.8600 168.4199 -452.7232 3864.4820 189.9889 -545.9241 3829.9600
95.9492 975.5492 3337.9380 133.2929 838.8960 3372.8140 132.5236 773.6366 3399.0210 129.4638 574.2583 3469.3180 124.5339 303.9388 3554.7040 271.5007 754.6176 3322.2870 353.5593 547.1891 3272.9660 209.8843 647.6614 3126.5060 200.7436 656.9288 3071.3540 -5.1772 765.2167 3517.0810 -99.3803 578.4710 3585.6990 -139.3127 660.5623 3482.2760 -170.5699 720.1617 3413.2680 179.6827 297.4975 3489.1450 240.1479 -135.2685 3626.9260 263.5599 -456.5899 3825.3690 229.2736 -547.0864 3796.4000 66.7752 304.9588 3554.3670 96.6893 -86.4093 3683.5210 163.2685 -427.7906 3869.8460 178.9934 -522.4395 3837.8020
94.4834 992.0955 3333.9370 129.8008 857.3455 3366.3890 129.1679 790.3206 3393.2900 126.7945 585.7068 3465.6920 122.9478 309.4207 3553.3970 258.2698 744.8837 3321.3470 339.9564 567.1433 3195.4120 230.0519 747.8306 3119.6610 205.5698 776.9349 3072.4040 -16.9799 790.1187 3513.4030 -151.8761 616.4892 3547.6610 -166.0573 796.3871 3395.8220 -166.3915 840.6506 3351.3920 177.8652 302.9557 3485.5470 242.3977 -88.0267 3595.6890 248.0272 -444.8225 3822.7090 239.9143 -540.2390 3798.9360 65.3838 310.8563 3555.0640 92.1780 -77.7166 3684.4480 160.7139 -427.7142 3856.8520 97.8861 -496.1573 3755.5870
99.7706 1007.2210 3337.7490 138.7111 884.1354 3369.2820 136.8376 815.9730 3395.7760 131.0957 607.5278 3467.3140 123.6973 324.9270 3554.6150 230.2991 741.0203 3334.6110 320.8451 614.0694 3146.7980 239.5929 814.5099 3091.6180 215.4822 858.9945 3097.5450 -15.7693 811.0628 3511.2660 -199.4147 682.3135 3511.4060 -174.0322 872.6461 3392.6610 -161.8698 933.1900 3349.8830 177.7826 318.4819 3484.7350 242.5660 -84.5855 3597.2980 264.1552 -441.3295 3811.9110 237.0022 -532.0842 3799.6150 67.1603 325.6584 3558.4310 89.7373 -74.6100 3687.2320 156.8277 -430.9599 3863.9610 91.4682 -498.4954 3764.1230
98.9962 1019.8920 3330.9470 137.8549 890.9189 3365.8530 135.9359 823.8717 3391.9260 129.9367 619.1138 3462.1070 121.7686 341.7353 3547.6370 222.0931 760.1901 3327.9520 307.5850 664.5021 3078.3170 221.4481 872.8243 3063.0680 209.3965 929.3390 3062.3890 -10.8742 849.6982 3487.8440 -222.3186 762.9097 3434.6470 -183.9083 959.7901 3333.3200 -169.6325 1008.7460 3299.7160 174.6003 335.1838 3478.3620 243.6812 -82.7304 3596.0730 267.7878 -451.1146 3809.8360 228.6860 -538.2124 3795.5850 66.6280 341.9803 3550.9770 83.7179 -78.3170 3692.2330 151.3144 -429.1609 3864.0200 86.6181 -496.7342 3763.6230
100.3122 1027.1110 3328.9720 139.9832 899.5274 3361.7500 138.2707 833.3905 3387.6650 132.8050 631.1190 3457.5410 125.1582 356.4389 3543.0360 220.4031 762.8792 3326.5290 286.3949 728.1980 3041.0650 214.5852 955.1870 3012.5510 191.8505 997.0137 3021.9920 -9.5268 853.6919 3484.9330 -228.0013 829.9361 3403.4130 -216.3538 1025.9080 3293.8260 -198.6940 1079.7320 3256.3540 177.1368 350.4618 3472.5030 245.6458 -76.5625 3591.2240 298.9241 -420.5621 3772.2550 242.6667 -510.6559 3786.0870 70.8234 355.9282 3547.5760 80.0367 -76.5870 3690.8770 153.1155 -439.6941 3864.9610 164.9735 -534.8469 3832.9010
102.6950 1031.3640 3327.6670 139.6439 906.3278 3358.1750 137.8840 840.6019 3384.0660 132.2367 639.4258 3453.9110 124.2875 366.0626 3539.4020 220.4166 778.9301 3312.4570 289.1674 765.0407 3066.9010 203.2827 937.7573 2949.4440 176.3847 1038.2710 2957.1950 -13.4799 859.5963 3475.1770 -234.4050 834.9326 3401.8120 -226.7887 1064.6540 3267.0860 -224.9234 1122.3580 3216.8680 177.4159 357.4468 3469.0200 246.7399 -75.5022 3583.8750 297.2766 -420.3289 3769.9200 248.3549 -506.4952 3784.2410 68.5244 368.4486 3543.9080 71.4583 -70.4410 3680.6500 150.7749 -438.0196 3862.6080 85.9932 -505.5667 3762.3520
104.3826 1033.0620 3326.3310 139.2769 907.0755 3356.8450 137.5744 841.4341 3382.8310 132.0785 640.5074 3452.8950 124.3258 367.5332 3538.5970 220.2509 778.6698 3312.5570 285.3034 762.1518 3066.1420 192.6223 993.1609 2951.6120 174.2554 1060.7450 2944.8930 -12.5092 861.3145 3473.5460 -234.7037 843.8066 3396.1870 -224.3652 1068.4110 3263.5970 -212.4547 1133.4720 3224.0140 177.7461 358.4508 3468.5510 245.6261 -74.4387 3579.9240 294.7280 -425.2909 3768.0450 248.4986 -507.8887 3785.1170 68.2245 370.3091 3542.6950 67.7112 -74.3808 3677.5930 150.2207 -438.5237 3862.5540 85.5483 -506.1253 3762.2620
106.2661 1034.6150 3324.2310 138.5421 906.4516 3351.6640 137.0709 840.9253 3377.7340 132.2415 640.2782 3447.9730 125.3705 367.5763 3533.7420 219.6506 776.6131 3310.4520 275.8351 754.9065 3055.2140 200.3579 989.3083 2973.3000 187.7434 1058.9240 2984.4080 -16.9887 861.8424 3461.1430 -245.1562 861.5207 3381.2720 -197.2181 1067.4820 3271.5770 -170.6242 1116.0540 3245.8340 179.7103 358.6821 3464.3700 243.2820 -74.2416 3572.0810 286.0017 -452.1133 3773.0190 232.5503 -517.4084 3791.5380 68.3888 369.9489 3536.9100 65.2880 -75.8903 3671.0340 150.2415 -438.5472 3862.5440 156.3767 -534.0775 3837.1340
108.7436 1035.1870 3324.5820 139.4286 907.3509 3350.9980 137.8476 841.4802 3377.2460 132.8722 640.1711 3447.8080 126.4503 366.1718 3533.9660 219.8964 776.1301 3311.5860 270.7655 743.7465 3048.8230 201.9166 988.6641 2981.1120 210.1268 1043.4340 3050.4350 -17.1329 861.7967 3461.4720 -248.5344 855.6204 3389.7560 -157.9866 1050.6190 3331.9520 -135.7381 1092.7670 3310.2420 181.6017 356.6549 3465.4120 242.2521 -73.4015 3569.1580 287.6608 -449.3834 3772.8310 237.1222 -517.2145 3790.7140 69.0209 368.8566 3536.6550 63.5957 -76.3406 3669.5660 143.8993 -429.9769 3858.6650 82.4758 -498.3182 3756.2050
110.3195 1034.4350 3323.4540 140.3647 906.7907 3347.9110 138.5795 840.7455 3374.5530 133.0831 638.8884 3446.0700 125.9227 363.9336 3532.9970 215.0488 771.4498 3307.4040 268.5840 743.2082 3046.9490 206.1687 988.3755 2996.6350 222.0583 1035.6190 3099.0540 -17.1307 861.7191 3461.4580 -236.8053 848.0741 3410.2520 -133.7874 1038.1940 3357.9070 -103.8381 1071.0820 3344.1320 179.7781 354.0696 3464.3780 242.6375 -74.2188 3568.7720 279.9117 -440.9910 3768.8830 236.8070 -515.4410 3783.3590 69.5413 366.6356 3535.5940 58.1386 -68.4545 3659.5360 143.4119 -430.7277 3857.6320 79.9231 -498.7219 3756.6430
112.6223 1033.8930 3318.3660 138.2784 905.0828 3342.9180 136.1591 838.5010 3369.3690 129.3426 634.5139 3440.3740 119.5223 355.9077 3526.8090 211.4251 769.6425 3298.5730 263.1653 736.5012 3056.9610 252.7372 951.3102 3000.6450 239.3947 996.3209 3087.0280 -19.6161 858.8009 3458.2810 -240.2208 840.7690 3415.2270 -136.2424 1033.3990 3380.6190 -104.7931 1059.9030 3354.8570 173.3248 350.2450 3459.3400 242.4258 -74.4064 3568.3280 280.8618 -443.8664 3765.8760 232.1151 -518.9552 3773.4420 63.4254 353.2461 3527.8710 58.0258 -67.5245 3656.9580 136.4022 -444.8195 3845.7980 153.9588 -538.9032 3809.1070
113.8089 1035.4520 3317.8930 138.0170 905.7564 3343.1450 135.8801 838.9257 3369.4240 128.8338 634.5613 3440.0610 118.0790 355.1864 3525.3660 211.6486 769.9229 3300.7100 268.1029 741.0805 3055.4040 242.4567 969.8269 3061.3690 225.4607 1038.4700 3092.8210 -18.8613 858.9153 3460.6590 -246.5959 844.1182 3422.6110 -154.5175 1040.3250 3373.4370 -125.2421 1086.9320 3361.6000 170.4521 350.5337 3456.0730 241.4013 -74.4881 3567.7330 286.7799 -451.5814 3769.4820 229.3482 -522.5831 3773.6710 62.8160 352.2935 3527.5090 58.6944 -63.6374 3652.7880 135.6762 -442.2334 3842.7360 154.1687 -536.2490 3809.0730
113.7562 1036.6410 3317.8970 140.7771 910.1101 3337.7490 137.9873 842.6350 3364.4250 129.4212 636.5509 3436.2360 117.5472 355.9823 3522.8890 211.0783 769.6268 3297.0860 269.7619 745.9267 3055.8010 241.3787 961.0094 3009.2990 219.3854 1051.5980 3042.0470 -20.7816 858.9993 3460.3650 -241.9284 865.1820 3419.5510 -171.8193 1083.7270 3352.3810 -153.7926 1129.0190 3330.9940 169.9808 353.0176 3450.0230 237.2302 -76.5080 3568.5190 283.6442 -454.5148 3768.4300 225.9883 -522.4726 3777.9610 62.5873 352.3712 3527.1930 59.5558 -64.5668 3651.6420 139.5066 -441.8502 3842.8640 157.8098 -535.9135 3810.8580
113.6235 1036.9940 3317.9010 140.8268 910.6352 3336.7480 137.8153 843.2206 3363.4640 128.3786 637.3509 3435.3050 114.2862 357.4787 3522.2690 212.6179 768.8389 3294.7410 273.7926 761.2740 3066.8180 219.0113 1020.5780 2987.0100 191.8525 1100.7070 2994.9530 -21.4555 858.9239 3460.2240 -239.9419 887.1551 3415.4170 -200.8107 1107.9180 3334.5180 -189.5732 1166.3150 3307.6930 166.4254 354.7911 3448.0430 234.4966 -75.5955 3568.0110 275.7030 -451.6591 3772.3850 224.4612 -525.6150 3779.0070 59.3651 353.7411 3528.4640 60.3542 -64.2747 3650.8770 143.0875 -440.4098 3843.0990 165.8468 -533.4747 3809.6820
113.1460 1036.4860 3317.6820 138.5952 906.8148 3336.2450 136.1832 841.0113 3362.7320 127.5308 637.4958 3434.1390 113.7770 362.6474 3518.4170 214.7087 772.0519 3292.5460 264.4288 807.0999 3036.9850 187.2320 1085.7130 2952.5140 168.2843 1133.1670 2945.5890 -26.7230 867.8346 3460.5980 -244.4087 894.4888 3409.1430 -237.9429 1098.3840 3317.2810 -224.3811 1188.9490 3270.7650 167.6962 351.7968 3446.0880 232.9998 -75.3460 3565.8510 258.2563 -441.8052 3788.2440 227.3236 -531.2845 3776.6830 53.7713 386.1250 3518.3100 61.4166 -66.0620 3647.4510 148.1097 -439.7990 3841.7680 165.1477 -534.1067 3810.0880
110.7932 1034.0690 3315.2690 135.5691 901.9500 3331.2160 133.3947 837.3218 3357.7350 125.5597 637.2943 3429.0550 113.0402 366.2571 3513.2150 216.4236 773.5819 3286.4290 260.7089 813.6376 3028.6680 196.5481 1022.9350 2919.5810 162.7238 1121.1390 2911.8170 -28.0342 869.5546 3458.8790 -255.5461 889.8362 3401.0460 -242.6936 1119.0390 3291.0110 -238.9455 1190.3650 3247.0920 167.3394 354.5392 3440.9500 231.3247 -77.4837 3559.5490 249.6821 -435.8115 3794.6690 230.1354 -529.5456 3774.5020 53.9635 384.5738 3516.6860 62.0570 -68.3533 3640.2790 150.0906 -440.2487 3837.8860 165.4982 -534.7934 3808.7510
109.6830 1029.2110 3316.4840 134.6577 903.4758 3334.7610 132.3068 838.5390 3360.6740 124.2025 638.2827 3430.7950 111.5539 366.9195 3514.5640 217.0464 772.4585 3292.0330 244.5367 834.9253 2985.6760 176.6224 1087.5120 2932.1530 152.9572 1132.6730 2926.2830 -26.1956 868.8431 3460.7550 -253.3713 886.7441 3404.8570 -236.7411 1115.2880 3296.5850 -217.0930 1176.4090 3259.5170 165.4966 354.8019 3442.1320 228.8682 -77.7047 3557.2890 274.9934 -430.3378 3765.9440 233.5378 -509.8295 3772.5210 53.1759 382.3383 3519.5170 62.2698 -68.9271 3640.3260 152.2390 -439.3899 3839.6160 164.6267 -534.3913 3810.9280
108.5644 1028.6140 3316.1130 134.3842 903.2329 3334.6130 132.0514 838.4458 3360.5650 123.7954 638.8250 3430.6770 111.0079 369.6300 3514.9200 214.1095 774.3566 3287.9360 266.6389 784.3772 3054.6310 207.8843 974.2726 2949.3760 182.2622 1069.9630 2960.0350 -26.3959 869.3424 3460.7880 -254.6895 886.3500 3404.3420 -199.6677 1098.9360 3310.1550 -182.0853 1143.9240 3285.5310 164.7115 357.0777 3442.9360 227.5825 -78.9491 3558.3480 252.5757 -435.9191 3794.7980 229.9332 -529.0439 3774.6960 53.2531 382.5076 3519.5850 62.1871 -70.3360 3642.7120 154.5202 -441.1889 3840.2960 164.4906 -536.4601 3812.0970
106.1848 1029.3620 3312.2770 132.4640 904.6003 3330.5560 130.1238 839.7946 3356.7870 122.0708 640.4340 3427.5900 110.0919 370.6721 3513.4050 209.4262 779.7164 3277.9910 260.0159 779.1204 3033.5980 207.9657 984.1254 2962.4300 181.4979 1075.2920 2989.4890 -29.8113 868.0235 3458.6050 -254.6775 881.0462 3399.1950 -169.7653 1073.4720 3323.8590 -142.4534 1117.8850 3298.1560 163.6230 358.4585 3442.4720 225.5957 -78.8046 3554.3330 258.6501 -440.1013 3783.5450 227.6754 -528.2456 3777.3130 52.9493 381.4678 3516.8970 62.6224 -70.7372 3642.9250 151.6366 -443.1713 3839.1520 83.5868 -509.9069 3741.2800
105.0190 1029.3120 3311.2290 131.5136 904.8421 3331.2440 129.1930 839.9904 3357.4050 121.3244 640.6043 3427.9960 109.6745 370.6627 3513.6610 207.6065 779.5321 3277.3310 255.6420 754.8972 3047.1130 216.4116 968.2573 3000.3580 195.5620 1055.5000 3030.7920 -30.0557 866.0685 3456.9640 -249.1885 877.4540 3401.0670 -148.8042 1067.2150 3341.6240 -105.3789 1111.4910 3323.6270 163.0501 358.5205 3442.5500 222.5452 -79.6669 3555.9900 277.5209 -449.1132 3768.3860 226.0613 -521.0670 3778.5930 52.6849 380.3662 3517.9550 63.7846 -71.2898 3645.7960 149.8412 -446.3617 3838.5390 81.8110 -513.0689 3740.6650
101.3837 1029.2900 3294.7450 129.4987 902.8947 3319.8050 127.0453 837.8257 3346.5630 119.0588 638.1547 3418.9020 107.6056 367.4549 3506.9870 197.7016 769.5195 3267.1620 253.3026 746.4370 3024.4330 216.8202 962.8465 3000.7160 201.6778 1023.8150 3018.2990 -31.4100 864.0562 3442.0490 -249.4257 877.9173 3384.5810 -116.6807 1067.0760 3330.9270 -97.2220 1099.0550 3316.0450 160.2738 356.5663 3437.9490 219.5920 -78.0132 3546.7610 278.4674 -450.5763 3753.0160 227.3721 -514.6796 3775.2680 52.3539 373.0140 3508.3710 64.7883 -77.1634 3645.3890 155.1450 -439.6510 3832.1500 86.2465 -506.4069 3735.1160
100.1638 1029.4720 3294.4060 129.7702 902.3634 3318.8740 127.1742 837.3412 3345.8860 118.9390 637.7960 3418.7140 107.0422 366.7551 3507.3700 197.8502 769.6737 3267.2040 275.4245 740.6868 3046.2210 180.4560 903.4531 2920.7970 205.6584 950.2195 2993.9020 -31.4608 862.2407 3439.8320 -249.6446 878.3078 3384.2490 -122.8336 1072.8110 3333.3640 -110.2136 1117.8000 3327.5460 159.6800 355.8472 3438.4680 216.1202 -81.0070 3550.9120 280.0196 -453.4170 3755.9850 225.4639 -518.1034 3774.1170 51.7940 371.9200 3508.9810 66.8963 -78.4771 3647.7300 154.8968 -439.2669 3833.6680 86.5832 -506.1747 3736.1910
98.5966 1030.5070 3298.0960 128.5366 902.8062 3320.0710 126.0127 837.7904 3347.3140 117.9687 638.3777 3421.1870 106.6460 367.5130 3512.3530 199.8023 772.0259 3268.6140 258.9506 747.5715 3041.1420 181.9446 915.5405 2910.2480 195.1423 959.0903 2988.4230 -30.3900 862.0501 3441.8870 -248.6187 876.7650 3385.8820 -167.4048 1090.2870 3340.5080 -146.4048 1140.0860 3322.0620 159.6438 355.6946 3442.6140 216.5605 -80.3089 3552.2870 278.9268 -451.5588 3759.7580 227.2805 -521.5645 3773.0600 51.1490 373.4808 3515.9120 68.6402 -85.5921 3655.2220 155.5607 -437.1406 3842.4890 165.0323 -532.5521 3808.2210
97.2155 1028.9160 3298.7970 127.9656 901.8860 3320.5700 125.5213 837.0165 3347.8500 117.6737 637.9769 3421.8200 106.5478 367.4373 3513.1690 202.1425 769.8726 3268.9060 259.5444 751.6297 3040.4250 168.6127 1029.1860 2967.5290 144.9298 1082.2990 2966.1400 -27.7294 862.4665 3442.2620 -246.0524 872.9551 3385.0170 -200.5728 1107.3880 3299.5630 -187.0012 1160.1700 3272.1420 159.4262 355.4902 3444.0300 215.6813 -79.6770 3552.3550 260.8424 -445.7437 3772.3040 191.5464 -512.7424 3675.1740 51.1769 373.3853 3516.3580 69.3788 -87.2696 3656.2440 152.3815 -452.4924 3834.4780 84.0251 -519.4901 3737.2970
94.9858 1024.5220 3299.6540 129.3703 902.3147 3328.9530 126.6032 837.3516 3354.2230 118.0594 638.1578 3423.8100 106.5655 367.4559 3513.1410 204.3460 771.5581 3268.6420 253.6083 771.3469 3037.6100 173.2047 951.4582 2914.8550 124.0347 1089.3390 2913.0780 -24.2911 864.3928 3443.1630 -241.7908 875.9049 3382.1120 -226.4980 1110.6230 3278.8480 -230.3948 1170.1530 3236.9350 159.3097 355.6047 3444.2000 210.3352 -85.6796 3563.9540 273.8483 -444.0197 3771.2350 230.1015 -522.1268 3778.1310 51.5828 373.2390 3515.8290 70.5403 -87.6578 3657.3120 152.9202 -443.7680 3838.0090 169.4655 -538.1147 3806.9470
94.3720 1023.4930 3301.4450 127.8065 895.4178 3336.0350 125.4058 832.1810 3360.8120 117.6555 636.9934 3428.4360 106.6917 369.3952 3515.3640 206.5898 773.9048 3269.1660 243.8017 786.8428 3030.3000 169.3956 959.8988 2905.4390 116.7931 1090.4640 2891.3430 -23.5407 864.3188 3442.5280 -242.2655 872.6314 3386.6190 -238.7698 1106.7690 3275.6770 -250.7022 1170.2930 3235.6280 159.8493 357.5041 3446.4440 211.8015 -84.4674 3562.8350 283.4979 -455.0436 3768.5390 226.9359 -522.7618 3779.8670 51.3650 374.9855 3518.1180 73.2138 -86.5110 3658.0240 152.2497 -450.8633 3839.7670 172.9624 -544.2934 3805.8060
92.3182 1021.5130 3287.2640 124.1834 893.7782 3314.8970 122.5488 830.2426 3342.5380 116.6749 635.0763 3416.3740 107.4939 368.2059 3506.1010 214.2208 772.0394 3256.8190 247.1638 787.2034 3021.9930 145.7244 1010.1860 2886.6620 122.3350 1080.0150 2880.9960 -15.5011 864.9715 3426.9100 -253.5594 852.8219 3365.8730 -235.3019 1088.3430 3258.1420 -227.8633 1148.6560 3208.5470 160.0529 355.5685 3439.5090 214.2638 -82.4700 3557.0500 273.7223 -448.7273 3773.4150 235.7732 -537.9755 3739.0560 52.9877 374.4914 3506.2550 74.4183 -85.1663 3657.3380 149.3570 -462.6807 3840.2000 166.7909 -556.3813 3799.9890
91.4853 1022.6660 3286.0430 124.1684 897.1595 3309.5730 122.4483 833.0756 3337.8210 116.5526 636.5465 3413.7380 107.5149 368.6998 3505.4510 213.6811 771.7034 3257.3490 256.3292 770.9345 3024.9210 153.1164 1038.2900 2930.1020 135.0387 1084.8590 2924.6440 -15.3181 865.0427 3426.6820 -254.5436 865.9828 3360.2150 -216.5436 1075.7170 3267.2690 -191.5006 1134.9830 3235.5440 160.1195 355.9710 3437.7270 214.8579 -81.6425 3556.7070 277.9149 -449.8369 3768.9990 241.8627 -539.2436 3747.3580 52.9808 374.9861 3506.2200 74.9622 -84.4170 3657.8550 149.5346 -466.3177 3843.3680 110.1981 -551.8851 3833.2250
90.5162 1024.7390 3283.4040 124.8593 901.1735 3303.6940 123.1690 835.8309 3332.7220 117.3889 636.6514 3410.6860 108.9554 366.3087 3503.7830 211.4549 773.2067 3258.1960 275.1570 754.6358 3031.5380 175.1438 1017.6780 2967.4900 154.7059 1073.9340 2968.5260 -16.9107 863.9984 3425.7240 -254.4681 865.9418 3359.4800 -187.2293 1064.7750 3283.1150 -153.4242 1122.2970 3265.1290 163.5162 348.0197 3437.3940 217.8917 -83.1321 3555.0940 282.5565 -457.2698 3756.9610 235.9340 -538.7915 3751.0980 53.6796 374.9976 3503.5550 76.2688 -83.5592 3657.1220 142.6278 -474.2095 3832.8630 183.3665 -559.0256 3783.6790
90.2187 1024.2050 3280.3320 124.6464 900.3602 3302.2980 122.9786 835.0019 3331.1600 117.3569 635.6224 3408.9280 109.1900 365.1053 3502.6610 211.4609 771.8602 3258.3310 246.8317 763.8091 2999.9740 176.9154 1016.4450 2967.9000 166.5686 1062.8360 2986.6010 -17.0402 862.8914 3425.1400 -246.4603 862.3333 3356.0500 -158.6001 1065.5890 3288.7730 -122.0848 1111.0160 3275.1980 163.5666 348.0198 3436.8060 220.5895 -83.2709 3551.4520 268.7701 -456.3984 3759.3380 200.5869 -524.0566 3661.8460 53.8697 372.4716 3502.0430 78.2597 -84.4935 3659.0040 143.1300 -469.6890 3834.0530 175.0088 -559.3838 3793.3540
90.3032 1024.2960 3280.3110 124.7241 900.2600 3302.2740 123.1217 834.7546 3331.1760 117.9535 634.1283 3409.5180 111.1475 359.4516 3506.1180 211.4823 769.5975 3260.4370 254.6083 752.6506 3022.7050 188.8250 959.0788 2973.1730 176.0678 1049.5990 3004.6970 -16.3942 859.8133 3425.3450 -234.0254 860.6654 3359.7330 -153.3846 1060.4180 3299.1920 -117.0847 1111.3500 3291.1480 163.6581 348.1357 3437.1450 221.4687 -82.3063 3553.4300 269.8731 -443.1784 3780.6240 242.7484 -535.6446 3756.2430 59.4778 353.1651 3512.3280 81.5148 -87.5874 3661.1350 149.5380 -448.4550 3831.9680 164.8982 -542.9739 3799.6370
90.6209 1023.8780 3280.4770 125.1327 899.8659 3302.8300 123.6438 834.2906 3331.7440 118.9434 633.3585 3410.2250 112.7239 358.6182 3506.9470 212.3048 768.5261 3261.6510 252.3192 753.9570 3018.7080 187.8401 960.9774 2970.2770 168.3455 1050.3220 3000.3070 -15.6214 857.8129 3426.3210 -232.3803 859.7283 3359.6840 -153.6584 1064.6070 3296.9210 -128.9517 1118.0250 3275.6500 165.5994 347.4512 3439.3890 222.8404 -80.9374 3552.4790 254.3735 -438.2538 3787.6680 237.5031 -532.9483 3761.4770 60.3118 354.0069 3511.7110 81.7052 -87.3284 3663.4960 149.3285 -430.7455 3838.5090 160.9155 -525.9650 3804.6150
90.7802 1020.3870 3278.4110 126.1542 899.6277 3302.0340 124.8108 833.9186 3330.8220 120.5502 632.4939 3408.9650 114.7697 357.3278 3505.3070 212.2779 767.6310 3261.9600 252.8338 754.1772 3018.3550 164.6974 1012.7660 2967.5040 152.1861 1061.2700 2975.4650 -14.5917 855.6259 3424.8470 -229.2146 854.8384 3349.7420 -186.0541 1055.0970 3259.3290 -155.3004 1119.5080 3237.7310 167.2699 346.7245 3438.8450 224.7349 -80.6632 3551.2950 278.7490 -438.5618 3746.8600 239.9522 -515.2808 3761.0250 62.0519 354.6461 3507.4520 81.8864 -87.1999 3663.6970 149.7807 -431.3839 3838.2890 163.1083 -526.3658 3805.0830
92.4195 1018.0810 3283.1280 129.9217 897.3156 3305.9820 128.2988 831.9121 3334.6170 123.2632 631.3268 3412.4710 116.5658 357.4163 3508.5550 212.3604 767.2297 3263.2370 254.7418 752.3253 3019.5840 168.6816 992.9101 2957.0000 141.5660 1064.4220 2958.4480 -12.8123 854.4130 3428.6220 -228.4928 855.2749 3357.5080 -202.0046 1071.3480 3270.0600 -186.8754 1138.4170 3231.2850 168.4401 347.2876 3441.1570 225.4791 -80.7540 3553.1410 278.0333 -438.4996 3749.6920 242.4828 -514.7009 3767.0880 63.8151 356.0290 3511.0000 82.3676 -87.0749 3664.2170 153.6776 -431.5491 3844.4030 163.0872 -526.9186 3807.4320
93.2415 1016.5040 3282.7310 132.9138 892.6744 3312.2590 130.9268 828.3163 3339.5100 124.8237 630.1101 3414.3100 117.2279 357.6692 3508.6170 212.9711 766.9038 3263.6990 269.6425 750.5064 3034.9090 178.4167 911.3971 2904.0420 129.9496 1060.7130 2907.8480 -7.7757 855.5465 3428.3890 -232.0136 845.7478 3369.4160 -213.9671 1073.7030 3250.8680 -213.8931 1140.9060 3200.9940 169.0893 347.8212 3440.5570 225.0326 -80.7627 3554.3140 250.6562 -435.2150 3794.2280 244.3917 -530.9181 3768.5430 64.7277 356.9408 3511.7420 82.4434 -85.8398 3663.5530 150.7505 -432.9986 3844.4510 164.6917 -527.7477 3807.1400
95.3099 1011.1770 3276.4060 134.4824 888.9113 3311.5280 132.4491 824.7669 3338.5740 126.1324 627.4489 3412.5690 118.2313 356.5016 3504.7220 216.7917 761.0221 3259.9090 265.5874 749.8916 3028.9260 168.4177 958.8745 2893.3420 124.0634 1059.5370 2882.5640 -3.0023 855.7287 3423.0380 -232.5331 841.4214 3361.1510 -218.9120 1068.5970 3238.2280 -221.3054 1132.7060 3180.6850 169.2107 347.2616 3437.8380 230.2810 -83.0369 3550.0420 287.2333 -451.1851 3764.0210 237.7522 -524.3295 3774.3890 66.3789 356.3236 3506.1190 82.3412 -84.7211 3662.2020 151.1472 -432.3631 3843.1070 160.2255 -527.8807 3810.4320
98.5831 1010.0860 3283.1110 138.1903 887.0569 3315.5290 135.5786 823.7239 3342.4570 127.9431 628.6713 3416.2340 118.3556 363.3282 3509.5010 215.4189 763.1369 3261.9040 264.3376 755.9106 3022.7810 159.2040 980.7323 2909.5140 130.6626 1061.2480 2910.1070 -0.5334 856.3483 3426.0360 -237.2609 837.6824 3364.6830 -216.2311 1066.2160 3248.6020 -204.8579 1136.0530 3214.4400 168.1933 360.6845 3440.9130 231.2084 -78.8184 3549.1060 287.7903 -448.7055 3760.3870 237.1614 -520.9180 3771.1830 66.8824 360.5006 3513.1030 82.7785 -84.0332 3662.2010 151.2416 -432.3464 3842.9670 162.0488 -527.6700 3810.8780
99.5285 1010.0400 3285.1520 138.3194 887.1410 3315.6510 135.7877 823.7417 3342.6810 128.4433 628.3912 3416.8310 119.0857 362.4471 3510.2200 216.2331 763.5922 3262.8690 275.4615 747.9707 3027.3130 163.6753 984.2374 2927.5300 143.8080 1054.5840 2938.4580 -0.0133 855.0120 3428.2590 -240.6443 850.0425 3357.5590 -206.1979 1058.6760 3262.4250 -182.4055 1119.2140 3229.5410 170.7352 357.1940 3442.6690 234.0084 -80.2437 3551.8320 298.9526 -445.1730 3768.7990 238.5862 -516.0235 3768.7350 66.8798 360.4769 3513.1960 84.2609 -83.0550 3661.8290 151.1342 -432.3684 3842.9520 161.8193 -527.6586 3813.9400
100.3690 1009.1610 3285.7610 138.2780 887.1316 3315.5590 135.8294 823.6301 3342.5970 129.3082 627.2841 3416.6520 122.3666 358.4109 3509.3500 220.0450 757.6812 3266.3730 278.0116 738.5781 3029.0800 173.5450 976.0220 2955.6470 156.9648 1042.6260 2970.9120 -1.5657 852.1241 3430.3360 -249.8115 817.5824 3372.2950 -183.5066 1045.5600 3266.8940 -153.8858 1103.4220 3239.5100 175.2253 350.2917 3440.6500 235.2030 -80.4279 3555.2100 243.0963 -435.4704 3795.5350 241.8155 -531.2601 3769.7730 68.5227 358.8333 3512.8050 84.6757 -83.0141 3662.6870 152.4186 -431.5888 3841.7440 84.4833 -499.1330 3744.5100
102.2582 1007.1890 3290.7500 139.4106 886.6334 3317.7390 137.3293 822.4629 3345.3920 131.6281 623.9496 3421.1590 124.7507 352.2614 3515.3110 227.9334 741.5124 3276.0300 278.7967 738.3412 3030.0520 193.5758 951.2869 2998.8890 175.1974 1006.1350 2995.3350 -2.9246 847.5922 3437.3770 -242.9532 800.6982 3387.5840 -166.0873 1026.8090 3288.2070 -135.0338 1083.0910 3265.9510 177.5786 341.6666 3445.8400 235.3308 -80.4856 3555.4690 271.7530 -442.7972 3782.6600 204.3993 -510.6795 3684.4110 70.3664 355.3670 3519.0680 84.7313 -78.6545 3661.3660 153.7464 -431.8513 3845.1650 161.5474 -527.4637 3815.7310
102.5478 1003.1150 3291.3610 142.2416 883.9486 3317.1350 140.5330 818.6883 3344.7610 135.3371 617.1078 3420.2640 128.2039 341.2858 3513.6090 228.4250 736.3888 3278.9350 277.3989 732.1100 3025.0640 168.6354 912.7444 2949.2560 177.1329 982.1270 2999.3980 -3.2766 840.9063 3439.7120 -219.1447 799.5791 3383.6160 -160.6025 995.0377 3290.4170 -130.0020 1047.6440 3265.0450 180.8395 332.1317 3444.1640 235.8833 -84.2199 3560.8330 262.3737 -444.4875 3792.3370 195.4733 -512.3346 3693.6890 73.4362 343.9667 3517.3040 85.8558 -76.8663 3660.7220 151.9778 -429.8414 3849.2590 169.2702 -524.1613 3819.1350
102.1484 995.4659 3294.3550 141.4671 882.6759 3316.3100 139.6670 816.7632 3344.2400 133.9779 612.5632 3421.1350 125.9469 332.0450 3517.8810 226.2229 729.5269 3282.3280 312.6957 717.1091 3063.4720 185.1010 892.3194 3002.9130 166.4863 961.2638 3003.2020 -0.5312 820.0018 3448.9770 -216.3208 771.7625 3389.3340 -163.7306 968.5353 3295.1300 -135.9813 1009.6580 3271.1720 177.6281 319.6292 3449.1390 237.0694 -84.4189 3561.4210 265.7432 -445.1534 3791.9850 197.3689 -512.7842 3694.5470 71.9134 337.6685 3520.8020 86.5603 -76.2494 3660.9240 168.9108 -440.8937 3857.7730 168.0863 -536.6943 3819.4240
104.4979 989.4323 3293.8800 144.7192 855.6843 3310.0460 143.4526 791.7606 3338.2970 138.7366 595.5198 3415.7240 131.1301 324.5893 3512.4500 311.9065 778.8991 3228.5660 296.7415 630.8857 3045.6290 185.2368 824.5314 2989.3560 153.0483 901.7266 2977.6530 2.5343 805.8896 3448.2620 -199.0202 712.5987 3401.0920 -167.1918 921.8275 3264.7240 -157.8542 956.7434 3250.0910 182.4346 316.9366 3446.5870 235.9580 -89.1147 3569.5000 260.6811 -445.5180 3806.7070 197.6052 -514.4998 3705.7400 77.1240 323.1394 3510.7870 88.5631 -76.6143 3660.7850 164.2697 -434.8621 3855.6500 168.8647 -530.7283 3822.7990
115.6825 977.2418 3310.0980 134.3988 823.1072 3344.3570 135.4311 763.0000 3367.3780 136.5776 577.5061 3431.0210 133.0139 319.3386 3515.3220 296.7652 783.3419 3268.2670 282.2652 618.9485 3059.1500 169.1243 821.7322 2989.3670 137.6806 843.8796 2971.2130 4.9920 795.0239 3458.6700 -188.4797 667.9177 3432.2420 -194.1093 845.7550 3291.6630 -188.6262 900.7990 3251.7760 185.9463 313.4571 3449.9980 237.2553 -88.7667 3569.6310 252.0950 -441.0658 3813.3350 192.6547 -509.9281 3709.2040 77.3895 317.1093 3513.7110 90.8700 -73.1661 3658.8560 166.5394 -434.1051 3859.3040 107.8324 -503.0636 3755.1230
121.1244 987.4079 3307.2630 189.2277 857.6006 3335.1690 183.3079 789.0953 3361.9690 152.3622 578.5808 3432.9220 136.4226 306.4002 3519.4280 290.8730 764.0002 3276.9560 306.8390 582.8448 3129.3760 161.2536 693.5682 2993.5070 109.0792 781.1335 2947.5080 9.5276 783.9583 3468.9070 -183.5004 583.8295 3474.6660 -208.8092 761.8645 3298.4090 -227.5442 820.3467 3245.6120 189.9422 305.1277 3452.3090 235.0619 -39.3421 3536.0490 252.3938 -393.8728 3776.8440 189.9792 -461.3415 3673.3390 79.7181 300.6501 3520.4290 96.5411 -78.4533 3661.7860 166.4572 -431.2595 3864.2130 182.3307 -525.6114 3838.8170
124.7412 978.6515 3308.3260 173.9982 839.9866 3327.0550 170.1351 773.0711 3354.7840 151.4871 569.5370 3429.7290 134.0966 288.8957 3518.0460 285.2002 739.3418 3280.2060 300.1373 537.6330 3154.7710 153.8713 604.4509 2991.3340 101.0414 668.8635 2937.8860 8.4362 742.3238 3478.2310 -131.2903 567.1977 3487.9880 -230.5681 663.5031 3305.3150 -266.4514 712.7813 3232.5520 189.2262 291.8734 3447.7820 244.8240 -153.6750 3621.1330 254.4906 -455.7478 3826.0510 249.9804 -550.9513 3805.1250 75.8988 279.3248 3523.0380 101.7279 -102.1060 3676.7560 177.6490 -433.7416 3859.3030 173.3660 -529.4022 3835.6870
