204.2696 873.4820 3547.0420 176.3944 751.1357 3562.4870 180.9914 682.4639 3580.2040 193.5440 472.5924 3625.0140 210.8701 188.7305 3675.9460 336.1878 653.3561 3631.1490 402.0941 410.2998 3714.3940 435.1727 207.3302 3737.6170 435.0613 126.7992 3726.1280 36.1128 633.9996 3516.7660 -11.5015 367.6722 3529.8040 14.2412 169.8408 3517.4690 33.5333 88.9151 3530.0010 264.1495 191.6181 3657.7300 258.0958 -112.0760 3813.3110 179.6790 -419.7787 3833.4870 215.9855 -481.9758 3719.3680 153.6363 183.6120 3620.1330 130.4734 -139.7255 3624.0500 115.6655 -516.8946 3696.4290 160.6346 -584.6641 3696.2560
203.9270 873.6517 3546.9550 176.5829 750.8973 3562.4570 181.1176 682.3693 3580.1530 193.7647 472.8113 3624.7430 211.2080 189.8884 3674.9040 336.4106 653.2186 3631.2680 402.5708 410.1490 3714.3100 434.2275 209.0962 3738.6000 432.2427 129.5101 3725.2840 35.8265 633.8416 3516.8430 -11.8347 367.5637 3530.2210 17.2345 170.1969 3518.9910 33.1223 90.7734 3531.0640 264.7710 193.7503 3656.1410 259.5070 -110.7414 3816.4700 180.2738 -418.5238 3833.8950 216.5426 -480.7144 3719.7480 153.7154 183.8239 3619.7450 129.7328 -143.4790 3623.9860 116.9326 -524.3955 3698.4080 161.9797 -595.7983 3689.1150
203.4376 874.3966 3546.6980 175.4991 751.8384 3562.3930 180.3174 683.1755 3580.1110 193.6272 473.2635 3624.6960 211.4173 190.0141 3674.8800 336.4677 653.3486 3631.3510 402.8471 410.1170 3713.8660 435.9818 201.4080 3734.8420 432.9319 123.4744 3725.8100 35.7706 633.8236 3517.0100 -12.1019 367.5958 3530.4870 19.3508 168.9084 3520.0860 35.6806 87.9301 3528.3070 264.9288 193.7785 3656.2720 258.6070 -106.4278 3810.8120 181.6539 -414.0857 3834.7840 217.8828 -476.3110 3720.6140 153.9805 183.9536 3619.5800 129.9669 -143.5076 3623.8270 120.6331 -488.0423 3697.7210 157.3891 -549.4245 3583.6320
203.3417 874.4142 3546.5400 175.4486 751.8236 3562.2810 180.2148 683.1419 3579.9700 193.3464 473.1242 3624.4060 210.6079 189.2467 3674.2810 336.5004 653.2630 3631.4160 402.9444 409.9901 3713.7890 434.9123 191.4483 3731.5440 431.2239 117.0236 3721.9950 35.6684 633.8106 3517.0430 -12.8590 367.6887 3530.4000 20.0162 168.7390 3519.8130 39.3091 88.6383 3527.3290 263.4652 191.0613 3655.8330 258.7358 -107.9282 3811.2340 211.2462 -434.8100 3961.3280 212.7836 -523.0539 3913.3830 153.3560 183.9331 3618.8760 130.0970 -141.5730 3623.4410 120.0890 -487.7663 3697.4850 156.8467 -549.1468 3583.3890
203.1930 874.5217 3546.3680 175.5535 751.7606 3562.2720 180.3155 683.1101 3579.9590 193.5685 473.1916 3624.3510 211.0644 189.4110 3674.1780 337.4244 655.6826 3632.6530 402.7813 411.4625 3713.5170 434.1071 201.0468 3735.5450 430.9981 126.7607 3721.2060 35.6231 633.8022 3517.0640 -13.3346 367.7439 3530.2860 20.9343 168.4440 3519.6740 42.3732 91.1517 3528.5840 263.8854 190.9028 3655.8850 259.1850 -105.3405 3809.8160 211.6300 -434.1995 3959.3050 213.8494 -522.8413 3915.0510 154.0438 184.5928 3618.5960 130.0439 -141.1859 3623.2990 119.4480 -488.7996 3698.1500 156.4874 -550.1359 3584.1580
202.6787 874.8544 3545.6590 173.8403 751.3067 3561.0220 179.2020 682.9420 3578.9250 193.5664 473.5357 3623.5700 213.0248 190.7804 3672.8950 336.6423 655.3433 3631.7420 402.7201 411.6299 3713.3380 435.1709 197.3227 3729.0590 431.1642 124.9334 3709.9810 35.5901 633.7520 3516.8430 -14.6695 367.8590 3529.3790 24.2072 168.8023 3517.5200 53.8005 86.5890 3520.4080 267.1188 194.3001 3653.9410 267.8720 -64.9982 3794.7820 212.4922 -427.0830 3964.2090 248.6705 -489.2658 3850.0840 155.0734 184.6818 3617.9220 130.6661 -138.1554 3620.6770 115.5240 -481.2360 3695.4580 152.4985 -542.6270 3581.3940
202.2848 874.4966 3545.4990 173.5637 750.5491 3560.6480 179.0891 682.4876 3578.5390 194.0413 473.6528 3622.8360 215.3738 192.2435 3671.1440 335.0639 656.4748 3630.2320 402.3753 413.5654 3712.9260 436.4010 218.5457 3723.6020 432.4358 142.0070 3699.0540 35.2957 633.7249 3515.8370 -19.0087 368.3171 3525.4720 34.4412 164.9998 3506.9450 64.2980 91.5664 3505.9930 270.1427 197.1418 3651.6160 257.8534 -110.3232 3817.1210 212.7565 -425.7222 3963.3390 211.7780 -511.4535 3902.5550 156.6413 184.8622 3616.8540 130.4611 -138.5012 3620.1370 114.6148 -481.8130 3695.1970 151.6355 -543.1522 3581.1120
201.4808 873.7929 3545.3010 173.4370 750.1991 3560.7770 179.0671 682.2919 3578.5830 194.4128 473.6633 3622.7310 216.9844 192.6107 3670.8050 333.3193 656.7670 3629.5820 403.2749 415.5942 3714.5100 437.4619 220.3673 3723.1190 438.6522 149.2538 3693.5720 35.4380 633.7656 3515.1160 -22.4295 369.2211 3524.5840 52.5209 162.2723 3497.6870 90.1223 91.7828 3495.1530 271.8000 197.5616 3651.1060 258.4842 -106.3492 3816.5680 210.7217 -425.7177 3959.1580 210.3584 -512.4955 3902.4890 158.0336 184.9325 3616.7880 131.2310 -138.2515 3620.3600 117.1494 -482.3350 3706.8850 154.3857 -543.6364 3592.8750
200.3900 874.2248 3544.2220 173.1109 750.1867 3560.5470 178.9734 682.2953 3578.3930 195.3983 473.8888 3622.1770 221.4461 192.8823 3669.9750 331.7108 656.9908 3629.0860 404.6983 417.5352 3715.7850 442.9640 222.0143 3705.9730 446.8595 155.8752 3670.5300 35.7417 633.0335 3512.5470 -24.7694 371.9195 3517.1860 78.6387 165.3350 3479.4740 119.9570 103.3064 3477.0300 276.1225 198.3220 3651.0880 258.6071 -105.7512 3816.4120 178.2965 -425.5951 3816.8020 215.8130 -487.4106 3703.0240 162.6002 184.3465 3615.2460 130.9969 -140.9658 3619.3140 113.8692 -482.8943 3703.4070 151.9552 -544.0460 3589.6870
199.3463 874.3870 3543.4120 172.4925 749.8357 3559.9670 178.3034 681.9572 3577.9600 194.6925 473.6673 3622.2270 218.4632 192.0564 3671.8590 329.5937 657.6113 3629.0300 407.3434 423.1856 3723.1140 454.3681 231.6000 3684.0390 459.2259 170.2148 3643.8470 35.7860 632.2827 3510.2450 -19.7003 377.6864 3495.0440 106.2393 185.0889 3456.8280 153.1736 123.6439 3456.1560 271.7686 196.7991 3654.7820 257.8886 -97.2007 3808.2240 169.8478 -404.0486 3790.8700 208.2848 -465.9927 3677.4630 160.5634 183.8363 3616.0320 132.1648 -141.0903 3621.7030 116.8379 -487.6213 3699.0200 155.7479 -548.6791 3585.7000
198.1333 873.8996 3542.8830 170.3693 749.8930 3558.1750 176.3524 681.8611 3576.6340 193.3319 473.3482 3622.0700 216.2187 190.7322 3673.4340 324.5560 657.4172 3627.7150 408.9068 433.1291 3734.9850 466.1810 251.4296 3665.8120 472.7004 203.0576 3623.2080 36.9496 631.3136 3503.6500 -15.2775 381.2568 3471.7300 163.4799 193.9634 3433.8160 200.9601 142.0962 3440.3700 266.9166 192.3882 3659.7600 258.0487 -102.4854 3811.3250 179.0385 -421.1657 3810.9460 219.5482 -482.7626 3698.5220 159.8676 183.8187 3616.0620 132.5351 -142.8868 3622.1110 116.5289 -490.3938 3698.2060 157.5908 -551.2151 3585.8540
196.1150 872.4034 3541.3010 169.1437 748.4668 3556.9470 174.2668 680.2672 3574.7460 187.6516 471.6223 3617.7100 202.1732 189.0186 3663.9610 323.0307 658.7479 3628.3400 410.7440 439.2356 3734.8330 489.0147 269.3267 3611.3370 489.2486 229.9350 3585.4140 37.7314 628.8594 3494.4110 -3.6619 386.8028 3440.9630 173.5679 254.4515 3404.4870 242.5581 196.6661 3395.0660 252.7119 188.4321 3654.2220 264.3180 -50.1932 3776.1130 178.2344 -419.6494 3810.5830 221.7493 -480.8132 3699.4930 145.9416 185.5707 3599.6990 133.0282 -143.2442 3621.5860 115.6285 -489.6116 3697.0230 159.6967 -549.9920 3586.0060
194.3314 873.4239 3539.4460 164.3267 749.6437 3554.8030 169.4958 681.7915 3572.5710 183.9528 473.9805 3616.0750 200.7134 191.7125 3663.5710 319.8451 658.2731 3626.3340 414.6859 461.8446 3730.6430 495.9017 319.8873 3606.6310 505.9479 267.7371 3550.4570 38.1182 628.5570 3483.2760 12.6008 396.9187 3410.1260 221.3973 276.5929 3373.2040 293.6948 237.0837 3361.7080 248.8033 195.5621 3654.1860 261.5634 -104.9467 3815.1660 176.3436 -421.9654 3808.5920 222.6814 -482.7115 3698.9080 145.9052 185.9647 3599.4820 135.0711 -143.9016 3620.3500 110.1757 -508.9718 3691.0700 151.8241 -577.9046 3692.8020
189.3816 872.5090 3535.9980 161.9365 749.2795 3553.2900 167.2390 681.8430 3571.2120 182.0875 475.2291 3615.2200 199.5012 195.1847 3663.6750 321.3131 655.3738 3634.9380 420.6707 479.8941 3729.4120 521.3559 374.8337 3583.5770 520.8324 315.5175 3515.5110 39.1363 627.1252 3476.3630 37.2193 399.0726 3384.0810 222.6622 328.9859 3358.8380 309.9595 304.0117 3333.6420 245.6677 203.1475 3655.8220 260.1762 -93.1579 3799.1800 175.8606 -422.9918 3808.6510 225.9063 -483.1818 3701.0110 146.0766 186.5717 3599.1250 135.6096 -144.0711 3620.7570 111.7210 -517.8726 3690.5020 156.9018 -582.1502 3696.5460
185.7380 874.0652 3534.0760 157.6614 750.0200 3550.4880 164.1379 683.1145 3569.0920 181.2734 478.0395 3614.4270 203.5768 204.0241 3665.3680 327.7176 665.6299 3661.6440 437.8395 530.8503 3742.0540 526.0642 422.8826 3589.8000 534.0940 365.5761 3473.4060 42.5071 626.5224 3466.8570 52.4728 412.9286 3362.2730 243.7439 364.9063 3327.7620 332.7753 364.2860 3317.4350 248.9513 213.5004 3662.6550 259.7897 -89.3853 3796.9870 227.6185 -408.6787 3982.8320 196.8977 -473.4079 3891.0680 152.9358 193.8839 3596.1280 136.9914 -143.2154 3621.7280 109.7651 -499.8337 3688.8970 145.8800 -573.6471 3686.5020
183.1774 872.7655 3532.9540 156.0335 748.9263 3548.0170 162.7504 682.8754 3566.9690 180.5596 480.1903 3612.8830 204.1148 210.6917 3664.5380 322.7396 671.5619 3660.2440 446.4129 540.5726 3728.8030 534.2569 493.4963 3546.8590 545.1525 423.1430 3438.3060 43.5987 627.8150 3459.0980 86.7417 431.8576 3324.5630 282.3726 405.3597 3294.6100 359.1735 419.1232 3295.0530 248.2614 218.7157 3663.1540 271.9469 -45.7572 3786.3300 228.6821 -415.2160 3991.5870 215.5762 -523.9258 3923.8280 155.3299 200.3431 3593.3150 139.8249 -138.7254 3621.1390 114.7449 -498.0516 3701.6730 174.9015 -555.6853 3600.3600
177.7717 872.9688 3529.6650 152.7704 748.6562 3542.6240 160.1219 683.5458 3562.6190 179.7211 483.1993 3611.0370 205.4537 216.9310 3665.5030 317.5044 678.9857 3660.1530 445.9115 567.8427 3746.6630 476.9849 521.3899 3477.0250 541.2171 482.7094 3385.8980 46.4057 631.0412 3451.9230 102.0062 448.9755 3308.5250 297.6482 462.7820 3270.4330 375.5182 474.3303 3282.6530 248.0296 223.3690 3665.7260 271.9492 -45.7620 3786.9130 233.9497 -417.4393 3989.3760 215.5513 -523.3283 3921.8370 158.8963 207.9509 3592.0750 139.8850 -138.9409 3619.4910 119.4928 -513.7371 3700.4320 182.0252 -570.7753 3601.0410
175.7499 872.8868 3529.2370 157.3097 749.5656 3546.2750 163.4441 685.0585 3565.3030 181.8579 487.4532 3613.0740 205.8408 223.6837 3667.0610 317.1425 685.6310 3663.0600 453.7031 590.9705 3754.6070 530.6008 526.1332 3572.9630 547.4111 546.2093 3375.1860 48.0506 632.4260 3450.9340 110.1611 471.8724 3284.7130 309.0100 485.0072 3273.3910 361.4352 516.8406 3273.9620 247.2103 228.0106 3667.9840 267.5488 -48.7936 3783.8190 233.0616 -419.0665 3989.1890 214.3603 -516.9678 3923.2730 160.7223 216.1203 3592.6800 140.1387 -139.5829 3618.2450 118.8179 -506.3087 3702.3730 182.3546 -563.2291 3603.7920
174.6148 872.3650 3528.0130 153.9845 750.2128 3542.6610 160.5022 686.6109 3562.3740 179.0444 492.6296 3611.4540 203.3851 234.4930 3668.5250 306.6543 691.5261 3655.7910 492.0385 587.6852 3642.4650 595.7698 615.9831 3466.2280 534.7031 617.2965 3357.1900 53.7590 647.2710 3441.6730 121.3570 489.5964 3275.9920 354.8183 548.8250 3271.3120 420.9454 595.0141 3272.9760 243.0178 240.0102 3669.1690 268.0737 -48.0235 3785.9420 232.1556 -418.9851 3989.9380 212.8388 -500.0250 3920.1320 159.7081 224.7773 3594.4450 140.6270 -139.4297 3617.7450 118.7503 -504.0055 3701.7560 184.8399 -560.4622 3605.4080
172.7416 872.7548 3526.3820 152.0320 751.6241 3539.2550 158.6478 689.2727 3558.9300 177.7561 500.7642 3607.9040 204.0671 250.2059 3665.6340 300.5043 712.2698 3655.9560 488.0594 627.4887 3635.3980 573.0690 664.1310 3450.3670 505.1373 687.2649 3333.0070 52.2465 644.9066 3442.5690 129.9287 495.8115 3270.0510 312.0973 563.9374 3224.9890 382.0314 613.0173 3262.4310 242.0319 255.6116 3668.1330 266.8051 -47.6282 3784.3390 232.1224 -418.0740 3989.3970 211.4735 -498.2001 3918.0560 162.0549 240.1028 3589.8320 141.2877 -139.7557 3617.2040 118.2058 -500.4970 3698.6920 185.0225 -556.7822 3602.9450
169.0834 873.5657 3523.4410 149.8479 752.5958 3532.2740 156.5697 691.6442 3552.5170 176.0068 506.7689 3603.0070 202.3317 259.7182 3662.3110 299.3175 715.1642 3653.1670 492.0987 664.3733 3634.6430 506.7329 718.4166 3434.4670 495.2123 733.2277 3358.7060 51.4956 645.5804 3441.7670 153.1430 518.9506 3247.1180 356.7908 627.5191 3249.7220 413.5526 690.6331 3273.4200 239.7526 265.6817 3665.8810 252.9899 -76.6675 3801.2630 227.9223 -464.7543 4021.2490 208.2670 -484.4471 3897.5310 160.8505 248.7724 3585.5580 141.3557 -131.0638 3613.9760 117.1725 -499.0565 3698.1030 183.7215 -555.5037 3602.1950
166.9665 873.2795 3518.2810 150.1260 754.1772 3524.8710 156.9659 694.1255 3546.1750 176.8943 511.0535 3599.5360 203.8022 265.4285 3661.5420 299.7679 718.5465 3648.0090 495.7544 692.3354 3636.4130 489.1589 730.3913 3431.7270 468.3231 781.3976 3344.1330 50.2531 639.5341 3443.4080 166.7115 531.8966 3240.4180 381.3566 683.5405 3265.2580 424.9417 746.5153 3286.2520 241.6722 273.7658 3666.5010 267.0289 -46.9155 3785.8770 229.9606 -410.7759 3978.9220 216.4598 -499.2213 3937.0270 161.9666 252.5948 3583.8140 144.3727 -127.9243 3609.2550 116.9633 -498.1706 3697.0370 182.1486 -555.0961 3600.1060
165.6048 872.8629 3515.0130 149.0602 755.6177 3522.5250 155.9924 694.4371 3544.4430 175.2204 507.4293 3598.3990 198.4173 240.4691 3663.3330 298.7415 721.0447 3646.0540 494.5303 739.7343 3616.3090 476.6128 806.0981 3420.3520 444.4681 823.1058 3336.0070 50.0754 638.1850 3440.4110 174.8631 546.2044 3238.1200 360.3157 677.5499 3251.2230 396.1200 752.6162 3273.6970 239.9395 246.3487 3653.7150 268.8951 -44.6623 3789.4200 230.7562 -416.9210 3990.8880 295.3477 -474.9859 3894.3190 150.8741 222.3534 3601.9060 145.4003 -133.7218 3610.0580 120.2171 -491.6764 3695.7590 185.7105 -548.7359 3599.2680
165.1713 872.3673 3514.7590 147.7505 758.6234 3517.1580 155.4085 694.1996 3541.2690 177.1923 489.7599 3597.4900 211.7141 183.7431 3674.4620 297.5606 725.0145 3641.2770 482.0146 814.1238 3532.6370 395.3033 838.7905 3313.8610 397.9967 797.7023 3275.8910 52.5140 635.5886 3436.2540 230.5891 569.6252 3228.9100 361.9644 721.9461 3259.8600 388.6176 791.5437 3286.9770 260.0454 193.6890 3651.6820 273.3676 -35.5698 3789.5770 231.7100 -409.8174 3987.0370 219.3360 -528.1408 3922.1530 159.1529 170.1336 3624.0300 145.5187 -133.9474 3609.9140 120.1291 -490.9683 3695.2210 186.1322 -547.9148 3599.1700
162.6404 872.6642 3514.1040 148.2330 761.7748 3512.5890 155.7493 695.1436 3537.6980 177.4800 488.4401 3596.7650 211.2496 184.5008 3674.0260 298.1285 728.7877 3637.0240 482.5266 814.6526 3532.1100 370.4405 910.0006 3345.0260 354.9157 912.1500 3332.5620 59.7070 630.8468 3429.6190 236.6219 574.7785 3223.8910 370.3932 717.2352 3228.5540 375.8876 786.1136 3277.2930 259.1810 194.5631 3649.7480 273.8445 -35.1354 3789.1090 231.7203 -409.0188 3987.1220 223.5771 -528.6541 3930.4460 158.7619 171.1527 3624.4550 146.1708 -132.2276 3609.1860 122.5921 -513.5755 3703.6070 190.0801 -570.0582 3609.0190
157.2509 870.6165 3507.4850 144.5759 765.6732 3497.4490 152.2174 696.7263 3524.8350 175.3071 486.6804 3593.2280 207.8587 185.8225 3673.5300 294.6318 733.2287 3622.5900 466.4139 838.1644 3585.3710 401.3710 869.8707 3406.1790 365.2255 894.3318 3341.9890 64.5688 630.2904 3424.5630 236.8627 575.9202 3225.0910 350.9487 731.6753 3246.8140 365.9571 805.1094 3284.6480 254.6301 195.6658 3651.3880 270.8911 -40.5998 3782.8450 214.0938 -405.5217 3934.0040 280.6231 -463.6567 3839.4850 155.8421 172.8283 3622.0780 146.1541 -131.8909 3609.2640 119.5339 -506.7284 3697.5410 186.8525 -563.6705 3603.1310
155.1974 870.7871 3504.8440 142.2068 767.1106 3493.1000 150.3311 697.5868 3520.4730 174.7503 485.8928 3590.7570 207.9387 186.2115 3673.0520 292.2585 734.8509 3618.2490 465.9458 838.3167 3585.1710 376.8626 899.2919 3421.3600 335.0391 914.9388 3354.4390 67.1655 633.3411 3420.3530 243.2445 583.4415 3230.3720 353.7359 742.9824 3255.6430 360.8660 819.7621 3292.1260 254.5958 195.8691 3651.2200 274.1482 -92.0831 3840.5460 212.2539 -396.7994 3925.2370 279.5278 -454.8504 3831.4130 156.2892 173.3658 3621.1920 146.8026 -131.7457 3609.3640 119.0402 -506.3849 3698.3880 187.0964 -563.1772 3604.6800
153.7931 869.4127 3503.1210 143.4726 766.4223 3491.6310 151.6281 696.7987 3518.8420 175.9067 484.6952 3589.4590 208.4187 186.5654 3672.8280 293.5039 734.2495 3616.8200 456.0431 861.0050 3605.6070 372.6948 907.5848 3428.4910 331.9441 920.0864 3360.2190 77.7118 631.0910 3413.2590 260.6707 598.4253 3237.1170 364.0328 760.4901 3262.5250 365.4784 826.7263 3304.4810 254.8440 195.9983 3650.6870 274.4521 -89.1142 3836.9820 208.3465 -411.5922 3943.3450 249.8934 -515.4080 3956.7410 157.4852 174.1385 3621.4200 148.7144 -131.3321 3607.7940 119.8387 -493.2750 3690.3880 190.3165 -549.5658 3599.0100
152.8115 870.1904 3501.8220 144.6420 765.9915 3488.6820 152.9699 696.4804 3515.8720 177.5941 484.4971 3587.2250 211.0621 189.2023 3671.5190 294.6745 733.8929 3613.8970 455.6310 861.9726 3605.5000 371.4791 909.2828 3431.7720 332.4778 921.3619 3364.4060 80.5504 641.1529 3411.8440 272.3359 604.9512 3237.6640 376.2644 765.3546 3268.0450 374.8204 834.0375 3310.9420 257.7786 199.1341 3650.1890 279.1265 -43.9148 3803.4390 210.0841 -402.0684 3924.6100 226.9927 -432.1872 3973.6750 159.9701 176.1323 3619.4170 150.8867 -129.3432 3607.8870 119.8630 -491.9577 3690.2890 190.2028 -548.3141 3598.7890
146.5079 868.2519 3495.8060 143.7036 766.0420 3486.2440 152.5400 696.6476 3513.8580 178.2343 484.7888 3586.2310 214.7059 192.4065 3671.5870 293.7481 733.9909 3611.4690 453.1563 863.7640 3604.8560 319.9899 937.3152 3379.3460 316.4489 966.8444 3371.1790 84.0080 639.4250 3409.6130 275.3377 615.5734 3243.2320 395.5483 833.3803 3315.8210 377.0551 898.1615 3339.6350 261.0073 202.4483 3646.3920 283.9484 -66.4937 3831.7450 218.6239 -431.5821 3986.7150 233.0322 -463.8672 4039.0630 165.9658 180.4987 3624.3500 153.8424 -126.4904 3605.5920 120.5873 -493.7697 3690.9710 191.6242 -549.8658 3600.1160
140.5109 868.7246 3489.5110 139.8356 765.3177 3478.9110 149.9055 696.6913 3507.4240 178.5110 486.3360 3582.2650 218.4781 199.0008 3669.0260 289.9071 733.3324 3604.1520 448.1283 865.0304 3600.5760 401.7196 938.5726 3436.6730 381.5456 966.5497 3369.6230 81.5126 638.2091 3404.4790 276.3407 624.2267 3252.4670 407.3992 776.9350 3265.0940 420.2112 849.5731 3302.7990 265.6865 212.2980 3642.5030 276.1903 -40.3035 3770.2320 210.0353 -401.6541 3920.3310 224.4873 -434.1431 3972.6560 167.9411 183.3420 3622.8440 154.2538 -126.1230 3605.4500 123.9476 -516.5040 3702.6620 194.8306 -572.3865 3611.6520
139.7834 873.3304 3485.9120 133.7204 767.3388 3467.4450 145.0251 697.9463 3498.1300 177.1650 486.1547 3579.0880 218.5293 198.6241 3669.2990 283.8107 735.3935 3592.6820 417.4994 919.2573 3628.4910 453.1027 1004.5790 3439.3530 454.6569 1038.2690 3398.7330 82.0760 632.9728 3404.4450 283.3021 648.5259 3270.3170 442.3700 804.4016 3284.2040 458.6265 872.6576 3307.1510 265.4297 211.2748 3643.1830 277.8492 -36.8795 3771.3230 211.6890 -398.2416 3921.4250 226.1264 -430.7624 3973.7490 168.0532 183.1477 3622.9050 157.0192 -124.7399 3604.6620 123.7427 -503.1061 3697.8850 193.9429 -559.4465 3606.3520
134.4190 873.8446 3482.2820 133.1083 768.1395 3464.8770 144.2628 698.7765 3495.2400 176.5100 486.7513 3576.3100 218.4930 198.6762 3669.1540 283.2024 736.2024 3590.1140 417.7232 919.3604 3628.4900 548.7155 1063.5200 3465.7780 556.5821 1099.3490 3465.5880 79.4854 632.8350 3404.4220 319.6886 694.4567 3285.4660 478.8736 862.6116 3310.8160 502.5828 911.6215 3319.7620 265.4182 210.4579 3641.4450 269.7326 -99.3882 3801.4750 203.6121 -460.4985 3951.5290 252.9746 -525.3204 3951.8010 167.8100 183.7374 3623.2770 159.7343 -124.0299 3601.7930 125.1905 -497.9642 3698.4220 194.6242 -554.6214 3606.2290
131.8843 876.6653 3479.9130 133.4550 770.2096 3460.4060 144.7268 700.8085 3490.5480 177.6918 488.4569 3571.5030 220.3730 199.5674 3667.0070 283.5525 738.2775 3585.6440 418.9249 920.4159 3627.3240 567.6036 1032.9890 3506.8570 578.4424 1079.5590 3511.8230 78.2835 633.3912 3403.3240 285.5120 669.7317 3281.0440 458.7515 832.4372 3290.4160 505.8941 889.7859 3312.0960 268.7598 211.6682 3636.1420 280.3591 -69.1519 3803.0270 214.2030 -430.3713 3953.1090 247.8882 -531.4348 3947.0080 168.5046 184.1348 3622.9670 161.4582 -123.7967 3601.5240 125.1733 -497.9516 3698.4010 193.7805 -554.8694 3605.4720
127.9504 877.4081 3476.8900 132.6306 771.3671 3458.1530 144.2033 702.0283 3488.3170 178.2349 489.8960 3569.3450 223.0723 201.6391 3665.5680 282.7315 739.4369 3583.3930 418.9983 921.0522 3626.6940 572.7516 1041.3510 3526.1100 579.4768 1071.3240 3530.4650 77.8460 635.7591 3399.5380 312.1822 690.9023 3276.1370 465.5378 832.4321 3289.6700 507.9458 879.7690 3307.9930 271.5645 213.9179 3632.9420 278.8862 -73.7396 3810.6470 212.7385 -434.9366 3960.7250 244.8359 -541.6789 3956.5580 170.9202 185.9251 3623.3090 162.2776 -123.3460 3601.9120 124.6321 -498.5167 3697.7190 193.5487 -555.2773 3605.0000
125.2521 878.6864 3475.2630 128.2845 770.7396 3451.1280 139.7846 701.4635 3481.8430 174.0284 489.4643 3564.7220 219.7968 201.3552 3663.9940 278.4018 738.8133 3576.3760 416.6727 920.6543 3622.3450 573.1854 1042.2100 3532.5560 583.3234 1084.4880 3537.7750 77.7778 635.6998 3399.3380 315.2874 689.1963 3275.3380 472.2079 830.4027 3288.4600 514.9928 879.0328 3306.8560 264.9770 209.9023 3627.6330 269.0355 -68.9898 3752.6500 213.3197 -431.7004 3966.1910 239.5995 -511.8316 3959.0400 168.6112 187.4885 3623.8400 162.5201 -123.8091 3602.4330 124.6258 -494.7869 3697.1480 193.0483 -551.8420 3604.1070
126.5778 879.1617 3475.1570 128.5744 771.2222 3451.2810 139.9340 701.7234 3481.8920 174.0236 489.4594 3564.6780 219.4435 200.7572 3663.7640 278.6914 739.2970 3576.5300 417.1682 921.2274 3622.6260 571.9712 1046.7450 3557.2810 586.8369 1081.3900 3549.7230 79.0705 635.3506 3398.0450 312.6221 674.1560 3275.2480 472.5798 829.6170 3288.1890 518.8725 877.7821 3305.3340 264.5126 208.5544 3628.2360 278.3968 -28.7961 3743.4850 222.6437 -391.6677 3957.0590 251.6942 -471.1064 3949.9460 168.4723 187.4106 3623.4920 162.7563 -123.7546 3602.2760 124.9084 -495.4212 3696.3620 193.7831 -552.3373 3603.7370
127.7596 879.9847 3475.9390 128.9324 771.6788 3450.9830 140.1097 702.0386 3481.6880 173.9382 489.5256 3564.6280 218.4950 200.5649 3664.1890 279.0489 739.7537 3576.2310 417.6681 921.7034 3622.3890 574.3920 1050.1320 3564.6630 599.8694 1081.1970 3551.5380 79.0939 635.3259 3398.1630 319.2564 674.5206 3275.2030 476.3271 828.8616 3289.9440 524.3194 876.3819 3300.8110 263.9146 208.0951 3629.8600 277.1478 -68.4835 3803.4270 221.4240 -431.1587 4016.9750 230.8039 -505.9838 3933.0260 167.0689 187.6299 3623.4850 162.5082 -123.9762 3602.6770 124.2132 -495.3026 3696.7630 192.9811 -552.3041 3604.0900
127.7945 880.2907 3475.7690 129.1138 772.0600 3451.1310 140.1412 702.2417 3481.7520 173.5836 489.4927 3564.5760 216.3565 199.4712 3664.0520 279.2300 740.1353 3576.3800 363.2611 865.0247 3710.4880 545.1552 1023.2770 3587.2700 602.8915 1078.9870 3553.4230 82.2171 634.4272 3394.6440 317.8630 668.1982 3275.8960 482.4384 816.1802 3283.0970 521.1420 866.3854 3294.8460 260.0647 205.7546 3631.2730 276.1960 -73.4343 3804.6790 220.4761 -436.0899 4018.2230 229.3634 -511.3335 3934.9200 166.3586 187.5047 3622.9420 162.2929 -128.0790 3604.9460 124.5509 -496.2728 3698.4890 194.5153 -552.9566 3606.9760
132.1847 881.9827 3478.3040 130.0456 773.1314 3451.7190 140.5529 702.8353 3482.0270 173.3742 489.4773 3564.5010 213.9595 197.9745 3663.1900 280.1596 741.2062 3576.9690 363.9967 866.0048 3711.1340 559.1720 1014.1750 3598.7480 586.5406 1049.8440 3568.8810 86.9583 635.0921 3391.2930 318.2716 664.3609 3275.1510 483.9165 813.1923 3281.9190 527.7711 861.3012 3293.4620 256.4615 203.3415 3630.8910 275.6725 -73.2334 3802.9540 213.2424 -389.0350 3912.5240 168.6067 -456.3362 3782.0710 165.4967 187.1280 3622.1310 162.1811 -128.7222 3604.8690 123.7609 -494.8767 3696.5280 195.0830 -551.1987 3606.3560
135.5027 883.0463 3479.4420 130.6795 774.6343 3454.3580 140.9995 704.0912 3484.1730 173.2363 489.7897 3565.2670 213.8117 197.9423 3663.4590 280.7905 742.7093 3579.6070 364.3190 865.6096 3714.5650 554.1093 1013.5490 3590.1940 581.9745 1042.7340 3573.0970 86.9116 635.1822 3391.5260 317.5757 660.9740 3274.6470 494.0163 813.0028 3281.3190 538.0394 861.4967 3290.5480 256.4516 203.3836 3631.5250 272.9813 -30.9546 3764.3730 212.7672 -347.7795 3881.3070 168.6083 -432.7683 3766.4170 165.4009 187.1444 3622.2010 161.5343 -130.5137 3605.9650 123.2903 -495.6061 3696.9420 194.9213 -551.7817 3607.0220
140.5435 885.1192 3483.5880 132.7275 776.4435 3457.1100 142.1514 705.2348 3486.0730 172.9655 489.7241 3565.6210 210.7912 195.7760 3663.0260 282.8323 744.5174 3582.3600 366.8159 865.0467 3717.1480 550.3108 996.9469 3624.1900 572.7242 1038.5350 3586.6660 88.6388 634.8208 3392.5270 316.7792 655.9428 3272.9140 493.3327 804.4556 3277.1880 536.6704 851.4835 3285.8990 251.5716 200.3917 3636.0690 268.4118 -94.7476 3839.2800 209.7612 -433.8103 3974.9930 170.8907 -477.9659 3829.1480 162.5259 184.7144 3616.6410 161.3044 -130.1096 3605.7980 122.0823 -515.0372 3703.5600 151.4452 -597.8747 3672.6230
143.5112 883.8281 3485.7690 133.4999 775.6937 3460.6580 142.8911 704.5847 3489.1760 173.0466 488.9437 3567.0480 210.8490 195.0929 3663.2690 283.6010 743.7721 3585.9060 366.8894 855.8896 3716.1030 550.5559 997.0687 3624.9230 564.2206 1031.2360 3597.6520 87.3045 632.6210 3396.9060 290.2887 633.9173 3274.8570 456.5803 744.4940 3257.2840 492.6932 798.7834 3272.8690 251.9836 199.8718 3636.0380 261.3535 -61.0731 3772.1940 201.1817 -377.7854 3889.1020 164.0141 -425.3560 3744.0130 162.6019 184.1836 3617.1990 160.8648 -130.2062 3605.4230 119.0154 -492.3623 3692.3650 190.4836 -548.5961 3602.2120
145.1230 884.0387 3487.4880 134.3592 775.8684 3462.0080 143.4499 704.7588 3490.2510 172.8588 488.9050 3567.3580 209.6702 194.8030 3662.9590 284.4576 743.9475 3587.2550 404.8893 863.1911 3714.9800 553.5350 998.4314 3624.2250 565.7484 1031.7140 3600.7260 84.7086 632.4314 3398.7820 288.3666 630.0629 3273.8260 461.7930 748.8812 3258.7270 521.8278 814.2177 3276.6330 250.9578 199.8399 3637.1670 266.3198 -43.9729 3778.1440 206.1337 -360.7420 3895.0660 166.8499 -444.7890 3776.9140 161.1088 183.8765 3614.6900 157.3417 -136.2519 3607.1990 122.5462 -533.4635 3710.1520 166.6763 -607.4894 3656.2090
149.4680 882.0714 3488.4040 135.6332 775.2167 3466.1520 144.0529 704.0966 3493.5620 171.5813 487.7816 3568.8980 204.7915 192.0552 3662.4110 285.7266 743.3002 3591.3970 420.6307 859.8183 3699.5370 558.3516 998.0821 3620.0210 564.5375 1026.4960 3601.7740 80.6160 633.0379 3401.7980 291.4330 623.5329 3269.6490 465.5219 749.1634 3257.7800 528.3149 807.2832 3271.9880 247.2700 196.7725 3635.9530 275.6289 -49.9311 3802.2200 215.4206 -366.6622 3919.1420 173.6167 -442.8071 3794.4490 156.8618 182.5033 3615.1110 156.2177 -134.7324 3607.3900 126.3956 -496.9676 3687.6760 196.4028 -553.6008 3596.2210
152.4121 878.0175 3491.0560 140.3459 772.3279 3472.6210 147.2915 701.5573 3498.9370 171.2013 485.8418 3571.1880 201.4573 189.9562 3662.5080 290.4257 740.4216 3597.8610 426.3859 857.2976 3698.8740 558.2782 993.6014 3626.2340 561.8566 1025.0730 3609.6270 76.6927 628.9605 3405.6160 284.3413 607.6403 3268.3970 474.8155 748.8351 3260.1080 538.9165 800.6378 3277.1310 244.6635 194.0206 3637.1240 275.0198 -43.0122 3807.6280 212.9428 -378.2976 3940.4280 206.5509 -493.2080 3862.1610 153.2007 181.3448 3614.2910 155.8633 -134.5008 3607.2820 124.6074 -499.1972 3691.2550 193.6943 -556.1181 3598.9560
154.7221 875.7193 3493.5860 140.6880 770.0247 3474.3850 147.9875 698.9983 3500.9850 172.1485 482.4570 3573.3330 202.9726 186.8370 3663.3190 290.7664 738.1241 3599.6240 427.5996 854.9667 3698.1410 586.0111 967.4148 3664.8280 559.8048 996.5758 3624.2690 72.7557 628.1993 3407.5660 279.2881 587.1623 3262.7010 449.7171 684.3888 3243.3910 505.4488 748.7484 3266.5510 247.2971 191.4195 3639.0190 272.5463 -50.0323 3803.5030 208.5676 -398.3271 3941.3120 240.0474 -513.6651 3929.9190 154.0846 177.5977 3614.2740 155.5592 -134.9531 3607.6010 121.4779 -525.8621 3701.9220 157.3439 -606.0620 3670.9030
156.1287 863.5253 3499.6860 147.7518 761.1505 3491.7880 154.8957 690.7516 3516.2270 176.9152 475.9973 3581.6490 205.9398 183.0290 3664.8200 297.8068 729.2791 3617.0140 435.1625 847.2399 3708.5680 589.1591 960.8140 3656.7840 567.5089 987.4709 3641.1370 72.1512 627.0126 3408.3770 276.8083 574.6383 3259.1960 454.2089 676.3272 3252.2830 515.6111 732.4646 3274.1810 250.9800 188.8909 3641.4890 272.1886 -59.0391 3805.1360 208.6754 -409.3089 3946.3350 200.8492 -454.4381 3831.8020 156.6346 172.5322 3614.9200 154.5097 -133.6042 3608.4740 117.3588 -508.1792 3698.1000 187.1133 -564.5052 3605.9920
162.3171 865.8252 3505.0760 147.2645 760.3528 3492.7240 154.3444 689.7199 3517.5620 175.9972 473.9329 3584.2800 204.8308 180.2628 3667.3340 297.3202 728.4837 3617.9500 435.0640 846.2242 3709.3210 604.6097 938.4839 3626.1840 661.5826 970.1248 3602.3570 72.5095 626.3840 3409.7230 263.6911 555.2635 3260.2810 470.8830 667.2570 3264.9330 532.8110 713.0979 3285.7390 250.6092 187.1049 3642.8440 272.5132 -57.8854 3804.5410 211.8861 -357.2498 3918.4140 197.1335 -440.7148 3851.6370 154.6253 169.0758 3618.8460 153.1100 -135.7448 3610.3600 118.7916 -504.3042 3697.3860 188.5979 -560.6998 3605.3890
165.5511 866.7758 3506.3550 149.0936 757.5904 3495.9750 156.0226 686.7695 3520.7540 177.0005 470.4104 3586.8630 204.9535 176.1598 3668.2700 299.1439 725.7289 3621.1990 437.6541 842.8701 3712.5240 632.3660 862.1260 3717.9930 697.7211 869.4272 3723.7070 72.6197 626.1846 3409.7570 216.2016 518.7851 3267.7040 461.6091 622.6431 3268.2910 528.0241 671.9109 3284.8510 250.8335 182.2955 3646.3120 272.8330 -56.3527 3808.0000 214.5101 -346.4865 3914.7230 225.6970 -432.0233 3967.4590 154.7701 165.2922 3617.7830 151.3804 -138.1609 3610.3030 118.5865 -501.1230 3695.8860 188.5976 -557.4715 3604.0600
174.0756 863.4103 3513.7160 150.8280 754.1496 3496.9790 157.6262 683.0148 3522.0270 178.0178 465.4266 3588.8330 204.8648 169.4307 3670.5030 300.8742 722.2954 3622.2000 439.8545 839.0210 3713.3490 596.6908 741.2441 3773.1120 510.6829 734.2067 3791.2840 72.6051 626.2164 3411.1300 188.7147 505.9590 3275.4310 383.8532 515.2236 3234.1090 407.7553 555.4855 3264.5930 251.7842 175.2500 3647.2490 271.2257 -88.2912 3825.7210 208.1422 -380.4112 3924.7480 218.6934 -467.1189 3976.1140 153.7594 159.5649 3620.9410 151.1225 -137.3111 3610.2810 120.4641 -489.7716 3692.9230 190.0778 -546.3958 3600.7940
177.9631 863.5225 3516.0910 151.2440 753.1782 3498.6520 158.4339 681.7452 3524.3180 180.4697 463.0669 3593.2610 210.6309 165.4098 3677.8630 301.2886 721.3270 3623.8710 440.3991 838.0343 3714.8580 574.3064 708.9171 3776.9610 558.2311 698.5647 3781.9910 73.8154 626.3705 3413.7130 175.2400 488.1237 3285.0480 372.5051 490.0370 3260.6440 437.7499 534.2795 3289.8680 260.7239 170.6544 3656.0730 272.9013 -74.6262 3823.2470 203.2510 -419.5594 3937.8960 229.9234 -496.0941 3939.6360 156.8861 156.4582 3626.7690 150.5300 -138.3175 3611.7670 119.5652 -491.7412 3697.5150 189.1465 -548.3708 3605.3580
180.4070 864.2619 3519.7960 151.0312 753.1306 3499.1500 158.4518 682.0013 3524.7860 182.0948 466.0822 3594.0020 217.8757 178.4298 3677.3150 301.0760 721.2800 3624.3700 440.2679 837.9737 3715.2540 574.7826 638.6474 3806.3380 551.9478 632.1946 3806.7720 73.8991 626.1638 3413.6050 162.4459 457.4786 3295.0730 360.1200 451.2644 3283.5450 431.7518 484.9444 3301.1840 263.5662 178.5432 3658.3550 273.0447 -64.0411 3816.2470 203.8456 -418.3607 3942.9450 235.2295 -441.8945 4007.8130 170.4233 177.0435 3621.2510 150.1353 -138.0904 3612.6250 119.2547 -486.9827 3696.3210 188.9875 -543.4406 3604.1120
185.3863 863.5021 3522.3610 152.0976 753.3688 3501.4290 159.9562 682.6690 3527.1580 184.6067 467.7944 3596.1150 219.9435 179.6586 3678.4860 302.1388 721.5192 3626.6490 441.4293 838.1662 3717.4260 546.6059 613.5079 3811.2440 534.7718 563.0563 3839.1870 79.4521 622.6156 3415.2340 145.4606 436.2777 3314.2340 344.6105 411.5784 3307.6910 416.6214 427.6200 3318.1280 264.3301 179.2370 3659.0630 270.8105 -66.8317 3810.9920 209.4243 -373.5144 3912.5390 239.5020 -399.9023 3966.7970 173.2209 178.1013 3623.2810 150.0403 -137.5619 3613.0080 122.7451 -490.0398 3699.3240 193.2881 -546.1885 3607.8790
191.7274 862.1028 3526.6720 153.6499 752.0749 3503.9100 161.1264 682.4613 3528.8650 185.3094 469.9696 3596.8230 218.8366 188.4461 3677.2970 303.6866 720.2293 3629.1270 443.0821 836.8395 3719.8490 438.5035 591.3811 3821.3780 407.8090 509.6871 3862.6130 81.8121 620.6667 3416.4540 121.1023 395.5721 3334.3540 322.0952 366.3526 3328.1530 383.3729 368.0325 3332.8980 259.7789 187.5633 3670.5660 270.8695 -67.4987 3811.9120 207.4374 -414.6284 3941.8030 277.6144 -471.6372 3850.5890 173.9487 195.6525 3605.4040 150.0788 -137.5919 3613.1920 123.1277 -488.9001 3699.3580 193.9951 -544.9609 3608.2260
197.4422 863.7697 3527.2770 155.0075 752.3223 3505.9810 162.2811 683.0703 3530.6470 185.6164 471.3509 3597.5280 218.0528 189.6557 3677.1730 305.0402 720.4775 3631.1970 444.4937 837.0634 3721.8700 439.0122 591.1694 3822.4150 400.5714 471.6366 3877.6070 83.0176 619.4148 3417.5690 107.0968 389.7198 3345.0360 348.6259 317.8937 3363.3300 427.1614 296.3293 3364.6070 258.4998 187.9032 3671.7130 272.0814 -64.4961 3808.7940 213.8188 -424.1579 3957.6620 236.2240 -528.3108 3935.3240 173.7086 195.8585 3605.2170 149.7595 -137.6212 3614.1380 121.2798 -488.8156 3701.8220 192.3085 -544.8397 3610.8300
208.3397 862.7639 3531.0830 156.7499 753.0696 3508.9150 163.6261 683.8278 3533.0190 185.7513 471.8675 3598.1190 217.1967 189.5588 3676.9490 306.7770 721.2253 3634.1320 446.2801 837.7861 3724.7570 439.9125 591.4486 3824.3060 396.5454 531.1692 3867.4790 83.7921 617.5621 3418.9650 83.9609 365.2638 3369.0170 288.2607 272.7720 3384.8810 375.9881 244.5724 3382.5470 256.0834 186.0318 3673.3010 275.4351 -54.7297 3811.7170 219.5690 -437.9770 3988.9410 221.7789 -460.2863 3864.2430 173.1390 195.5131 3604.4910 149.6503 -137.6293 3615.3270 121.0016 -488.6641 3702.4920 192.1545 -544.6432 3611.6030
215.8743 859.5742 3534.4650 158.4567 753.6376 3512.2330 164.7271 684.3584 3536.3830 184.7092 472.3430 3601.3110 210.3533 187.8943 3681.3540 308.4784 721.7943 3637.4490 448.0190 838.3375 3728.0400 440.9914 591.6892 3826.8680 397.6245 531.4102 3870.0410 85.1756 615.7753 3421.8980 58.8537 368.9202 3382.7230 284.1141 229.6573 3416.1410 353.8541 187.9903 3410.1030 247.3378 182.0660 3679.9950 253.0312 -112.2385 3817.1000 211.6085 -455.9881 3998.4080 231.9876 -438.2933 3873.5970 167.6289 193.2086 3608.5950 147.8018 -139.6102 3615.9330 120.5611 -488.5561 3696.9370 191.7680 -544.7524 3606.3610
217.9948 859.7406 3535.0420 160.9056 753.6397 3515.2020 165.7554 684.6130 3537.8730 183.5858 473.2721 3600.8950 197.8009 192.0271 3670.7480 310.9205 721.7982 3640.4170 450.4903 838.3319 3730.9930 442.9060 591.5173 3829.4210 399.5392 531.2386 3872.5940 84.4520 614.0674 3425.1000 47.2706 359.8900 3400.1890 258.0566 198.4679 3430.4280 310.8690 149.5238 3430.5930 230.8733 194.7022 3659.5410 267.7619 -47.4394 3793.6650 216.6615 -429.6867 3974.2250 226.5009 -499.9601 3883.7010 158.8369 190.6916 3604.6580 144.9929 -142.9914 3619.9870 118.5823 -491.4523 3700.9670 189.3235 -547.8029 3609.9540
224.1977 857.3289 3538.9490 164.4751 754.4881 3519.8890 167.3547 685.6411 3541.2020 180.2979 475.4192 3601.8260 184.2216 195.6584 3669.1910 314.4799 722.6478 3645.1020 454.0640 839.1705 3735.6590 446.1463 592.2787 3833.9010 402.7798 532.0005 3877.0740 82.0858 613.3760 3429.8030 35.3439 355.5761 3412.0430 224.4476 186.0904 3443.7000 262.5376 124.5189 3449.6710 222.0191 199.0338 3657.3080 264.9924 -51.2975 3792.4500 217.1431 -431.9181 3976.9030 214.0319 -500.9841 3883.6100 141.6650 190.0129 3606.4990 144.1661 -143.1846 3624.8760 115.7602 -490.8533 3699.6240 185.6777 -547.7297 3608.0950
228.0342 856.9499 3541.0310 165.2839 754.8093 3521.6640 167.8097 686.1810 3543.0360 178.6842 476.5930 3602.7710 182.7077 196.3186 3669.7190 315.2860 722.9695 3646.8760 454.8767 839.4874 3737.4230 446.8913 592.5896 3835.6550 403.5226 532.3084 3878.8310 80.4351 613.0958 3433.8360 24.5692 354.9599 3424.7020 155.9772 199.7344 3447.4770 209.7770 129.7650 3465.2770 219.8294 201.0875 3657.9960 262.9008 -59.9619 3797.3840 216.9327 -440.7218 3981.9240 218.0176 -524.4141 3908.2030 140.6402 189.5498 3607.1980 143.6604 -143.5241 3624.2060 113.5631 -488.1893 3697.9870 182.8053 -545.2917 3605.8040
232.0910 856.2600 3541.9100 166.9294 756.0890 3524.6390 171.0363 687.6827 3547.1910 186.0171 478.0996 3608.1530 212.5184 194.3741 3682.8650 316.9264 724.2485 3649.8510 456.5212 840.7573 3740.3900 448.4816 593.8699 3838.6580 405.1109 533.5860 3881.8350 79.6361 613.8212 3438.7460 9.5160 355.6350 3441.4080 138.3432 197.3724 3451.0000 177.5739 121.4275 3480.6980 257.6520 199.7689 3676.5650 262.7992 -93.5568 3822.4970 213.4419 -475.9651 4002.7600 219.1893 -533.5364 3898.1350 165.0387 185.7379 3617.0670 142.3479 -143.8439 3624.4600 112.9146 -490.6188 3701.2160 181.4687 -547.4169 3607.8790
235.8620 855.4303 3544.3070 169.9844 756.3738 3527.5410 174.2560 687.8040 3550.6790 188.1910 477.7653 3612.0660 211.4223 193.1561 3686.5860 319.9732 724.5346 3652.7520 459.5658 841.0415 3743.2890 451.4381 594.1480 3841.5490 408.0670 533.8637 3884.7280 78.4314 613.8406 3444.2710 2.6260 357.2456 3451.2110 107.6247 190.1431 3469.6930 143.5929 114.3630 3485.1670 255.4077 198.0530 3679.0400 253.0844 -109.4894 3820.3970 182.2349 -426.0772 3824.5920 135.5337 -510.8678 3711.9780 164.6284 184.8314 3622.2930 138.2980 -142.3698 3622.4560 113.1764 -490.2756 3701.6830 180.6995 -547.4589 3607.5320
238.2045 855.0169 3544.4630 171.0126 756.8244 3528.4030 175.1786 688.2122 3551.7540 188.4899 478.0703 3613.6450 209.2306 193.1257 3689.3390 320.9986 724.9851 3653.6150 460.5905 841.4896 3744.1520 452.4529 594.5987 3842.4330 409.0813 534.3138 3885.6120 77.2052 614.3316 3446.9190 -0.4241 359.8066 3459.9300 67.1186 174.7853 3479.0860 115.4363 101.5324 3498.7130 251.7626 196.8157 3681.5450 256.0461 -92.7272 3811.0840 220.9741 -385.7808 3969.1570 200.8378 -467.3601 3900.4990 163.1383 185.7424 3625.2220 133.8725 -122.6238 3618.3250 112.7410 -491.8006 3700.4710 179.6636 -549.2510 3605.9200
241.4635 851.1791 3546.9370 171.7638 757.0683 3529.0030 175.7251 688.4365 3552.2410 188.5185 478.2142 3613.7800 207.8484 193.4946 3688.9720 321.7477 725.2291 3654.2140 461.3388 841.7321 3744.7520 453.1901 594.8377 3843.0460 409.8186 534.5528 3886.2250 76.1668 614.5622 3449.2080 -2.1857 356.6047 3469.6590 78.0424 127.2030 3502.2000 107.3647 62.8149 3521.6220 249.2709 197.4857 3680.1460 258.4345 -66.4129 3808.3640 227.5378 -402.7461 4012.8190 224.0629 -522.9005 3954.1390 162.3144 185.9212 3625.2590 135.2698 -126.5108 3627.9820 110.2772 -486.5896 3699.4860 176.6867 -544.2447 3604.4830
242.4099 851.3260 3547.3590 172.6368 757.7268 3530.4420 177.1093 689.1755 3553.7840 191.5621 479.2643 3615.3640 212.6302 194.5847 3689.6150 322.6179 725.8873 3655.6540 462.2073 842.3870 3746.1910 454.0485 595.4897 3844.5050 410.6772 535.2052 3887.6840 75.6522 615.0541 3450.6060 -1.1553 357.0980 3474.1280 62.5195 138.8466 3504.6320 88.1974 69.5513 3527.4380 253.9883 199.0256 3680.4470 258.5610 -63.2645 3805.1240 200.1856 -457.2855 3900.7240 219.7060 -528.5805 3939.5950 167.0704 186.4700 3626.0660 130.8715 -133.0639 3627.8640 108.2754 -485.2488 3695.2220 174.4935 -542.8433 3599.9130
244.0322 851.3955 3548.4280 176.6732 759.2970 3533.7420 180.9945 690.5725 3556.9900 194.3371 480.1414 3617.9110 213.5538 194.7571 3690.8900 326.6436 727.4565 3658.9530 466.2178 843.9497 3749.4900 458.0316 597.0474 3847.8230 414.6606 536.7635 3891.0030 75.1002 615.2878 3452.1380 -1.3241 357.5831 3477.9130 51.9551 123.7345 3513.0050 72.0448 64.0309 3534.7950 254.7947 199.0023 3681.6820 258.5764 -58.6936 3802.7000 207.7986 -430.3783 3955.4400 272.8447 -488.8627 3859.7880 168.0677 186.8066 3627.2790 129.8315 -135.7425 3632.2100 106.4959 -488.0871 3696.3560 172.3866 -545.7546 3600.7680
244.5163 851.2983 3550.2240 176.8130 759.4230 3535.2690 181.2484 690.5797 3558.6290 194.8397 479.7625 3619.8940 214.0555 193.6109 3693.1890 326.7823 727.5835 3660.4800 466.3574 844.0768 3751.0160 458.1649 597.1645 3849.3550 414.7939 536.8805 3892.5340 74.1048 615.8341 3455.5760 -0.7349 357.7121 3481.6950 41.7880 110.2891 3518.1730 41.7494 63.1276 3533.9530 255.3832 196.3154 3685.9870 257.7218 -59.2072 3803.8380 200.0603 -403.0772 3910.5390 220.6544 -496.1696 3952.3350 168.4212 186.5738 3628.1700 128.1445 -135.2815 3632.8380 106.7841 -486.0826 3697.4480 172.1853 -543.8949 3601.4490
244.5413 851.7067 3550.3710 178.3343 759.4435 3537.3300 182.1838 690.0104 3560.1810 194.4273 476.7913 3620.9970 207.8932 180.8359 3692.7470 299.7597 622.8066 3632.7910 439.4792 739.8106 3723.2460 431.3219 493.1869 3821.5010 387.9459 432.8994 3864.6700 73.6219 616.5045 3459.1780 -0.3065 358.1437 3485.4230 34.2984 105.9272 3518.8420 31.3893 56.1170 3537.4640 251.8968 181.8752 3682.8960 258.4041 -58.6424 3805.1480 208.7367 -453.9006 3958.2350 227.8968 -540.4575 3921.7280 159.4360 175.2190 3629.7950 125.4173 -134.9973 3632.0780 105.2140 -483.3814 3698.4780 140.8498 -562.8668 3678.4380
244.6470 852.7988 3549.4740 178.2151 759.8113 3537.9450 182.0209 690.1049 3560.5950 193.7815 476.2073 3621.1070 206.6579 179.7981 3692.1290 298.6422 620.1230 3629.2560 438.3671 737.1386 3719.7110 430.2118 490.5194 3817.9630 386.8365 430.2329 3861.1310 72.9894 616.5578 3460.4900 -0.3284 357.8532 3485.7280 31.1962 105.8974 3516.9990 26.6400 59.9800 3529.8450 251.4102 181.7962 3681.3410 250.0549 -109.2677 3826.8410 206.5598 -470.1892 3965.1620 208.0021 -502.4461 3844.1520 156.5469 172.4835 3630.2260 124.3725 -136.5985 3631.9810 105.1813 -486.0543 3698.2630 142.1941 -565.2710 3676.0720
244.1282 856.9031 3548.4460 176.9873 760.5990 3539.7500 180.8914 690.6140 3562.1490 192.8217 476.1858 3621.8010 206.2059 179.9875 3692.2230 297.4687 630.0322 3631.7080 437.1999 746.9985 3722.1690 429.0505 500.3521 3820.4310 353.0502 410.2473 3803.7950 70.7679 616.6239 3463.2100 -0.4670 357.1652 3487.3860 30.2875 105.3568 3516.8340 23.1399 56.9061 3530.9630 251.0022 182.8556 3681.1300 249.7024 -109.1954 3827.5980 207.9978 -475.1145 3977.1030 209.7630 -473.6124 3848.7010 155.9336 172.3060 3630.5710 121.9928 -137.1905 3632.3260 114.4884 -534.0397 3707.1960 176.0792 -597.3312 3664.6990
242.6069 860.9298 3548.5520 176.1241 759.8867 3542.1760 180.0286 689.8574 3564.2250 191.9353 475.4525 3622.6870 205.7670 179.9226 3692.1950 297.2730 632.1447 3632.3320 437.0053 749.1007 3722.7950 411.3672 483.9681 3758.5290 365.6249 409.0595 3808.7880 67.2935 619.9939 3469.2400 -0.4471 358.7921 3488.1670 28.7859 103.9143 3513.9890 24.2843 52.4858 3522.5400 250.8453 182.8167 3680.8860 250.2244 -90.3476 3824.7390 208.7829 -424.2173 3957.3910 212.0361 -525.8789 3916.0160 155.1926 172.3527 3630.8520 120.5700 -136.5182 3631.8400 105.3726 -498.6942 3708.9620 144.9749 -577.5642 3669.9140
240.7224 864.6805 3547.4860 174.5927 760.3081 3545.3770 178.7635 690.3037 3566.9410 191.2826 475.9074 3623.8490 205.6962 181.2029 3692.3600 301.6978 643.5661 3648.8430 315.7055 630.2740 3830.9920 369.1120 365.8989 3812.5210 382.3871 291.7227 3811.5090 62.1938 622.7482 3475.4970 -2.2335 360.1278 3490.1250 29.3088 110.7742 3509.1660 30.2935 62.9712 3511.7770 251.1800 185.3022 3681.1360 244.3676 -97.7230 3814.5620 187.2596 -458.2931 3879.2300 246.0938 -517.6207 3778.3170 155.0759 173.0529 3630.9110 120.2741 -136.9965 3635.4800 105.0662 -497.2894 3706.8120 143.5276 -576.7710 3673.3560
237.6544 866.8156 3547.8410 173.1636 760.6222 3548.8650 177.6413 690.7265 3570.2320 190.9091 476.6263 3626.1810 206.5519 183.1892 3693.8030 304.5032 646.0841 3654.3680 319.7848 631.5507 3839.5110 377.1683 368.3909 3812.6220 389.7484 294.3045 3803.6340 57.5507 625.2078 3482.4840 -4.1919 361.4504 3492.9090 29.5679 121.0530 3503.9560 38.7083 61.1236 3508.3600 252.9046 189.0355 3683.2940 247.6283 -91.8213 3822.9590 180.9361 -470.2283 3875.0820 238.4036 -529.6223 3773.0610 155.5336 173.9414 3631.7460 120.6411 -136.1754 3639.3210 109.6993 -480.8583 3708.2580 167.7740 -539.9588 3606.2510
234.7429 867.5698 3546.8710 171.4337 760.4675 3551.0260 176.3140 690.6478 3572.0750 190.4934 476.7368 3627.0480 206.9208 183.7470 3693.9280 309.1835 645.8359 3661.5790 371.2977 414.6173 3770.9330 423.4141 226.1243 3796.3240 441.7665 144.9596 3781.2800 54.4765 627.5734 3484.8170 -5.0913 363.1245 3493.4580 34.9490 122.7945 3498.6570 50.2259 69.9452 3496.9010 253.2826 189.0914 3683.8250 248.3412 -99.4169 3827.9230 186.3795 -486.7339 3888.0440 220.1009 -527.2742 3925.9460 156.2425 175.6895 3631.1610 119.2920 -136.6834 3638.9980 109.4338 -505.6350 3706.2020 147.5175 -585.1539 3667.4030
