212.8507 807.9225 3581.9950 245.7799 687.7249 3633.8970 242.5592 624.7278 3656.0550 232.3292 432.6636 3714.7670 218.1153 172.5972 3785.5470 344.9145 574.0387 3588.6550 421.1396 384.7547 3627.7780 191.8999 318.9077 3540.7560 129.8675 317.0390 3542.5770 110.9304 611.1551 3716.9620 100.8750 428.6715 3742.5930 118.6992 342.8923 3556.5420 116.5352 317.3672 3550.7410 269.9234 167.8491 3730.0050 310.5748 -146.2299 3818.3830 342.8889 -433.2140 3943.2580 295.1482 -501.7325 3968.8960 162.7660 174.5395 3778.4710 197.5115 -136.0554 3904.3810 244.2706 -420.1995 4054.1470 204.0377 -476.3960 4094.2940
214.8817 808.6480 3590.7340 247.2661 687.8656 3638.0780 243.9015 625.0034 3660.1670 233.2372 433.3165 3718.6870 218.4443 173.7018 3789.2340 345.5990 574.3399 3592.3590 420.6736 385.2528 3629.2460 183.3682 333.4976 3557.2930 128.8160 320.2999 3564.1630 114.5627 615.1996 3726.2740 104.4773 432.6954 3751.8380 121.1366 346.3704 3565.7290 119.1443 319.6799 3569.8230 269.9170 168.7128 3732.6680 308.4871 -140.9414 3820.3770 345.3195 -426.0727 3942.2710 303.6116 -478.2606 3968.7930 163.4845 175.8385 3783.0830 196.1725 -133.1571 3907.9890 242.3866 -419.1891 4061.9860 193.8665 -476.8415 3967.5190
214.8725 808.6450 3590.7220 247.1501 688.5785 3638.3300 243.7884 625.6233 3660.5080 233.1048 433.7439 3719.3510 218.2214 173.8454 3790.6350 345.0240 573.9973 3592.5930 420.9870 385.7001 3629.5590 184.3068 332.2636 3556.6400 130.6769 320.3038 3554.1300 114.5870 615.2725 3726.7620 104.4976 432.7629 3752.3020 121.0331 346.4065 3566.3190 115.5924 315.5987 3561.4960 269.4088 168.8617 3734.1450 308.6371 -144.8276 3823.3870 342.4788 -430.0128 3954.4830 305.1564 -487.5182 3971.7720 163.5039 175.9672 3784.3300 196.4338 -133.3533 3909.3210 242.7123 -419.3571 4064.7090 194.0295 -477.0178 3970.3650
214.4592 807.7186 3586.4120 246.7303 688.3090 3636.3030 243.4830 625.3507 3658.5660 233.1042 433.4322 3717.5820 218.6054 173.4429 3788.8450 344.6368 574.1953 3591.2380 420.9057 385.4574 3628.9440 189.6139 324.7738 3543.8570 127.4719 319.1971 3541.4200 114.0878 615.4307 3724.2010 103.9814 432.9014 3749.6650 120.3022 346.4750 3563.8700 111.8385 313.6773 3548.1460 269.7302 168.7230 3732.9350 308.8691 -146.3469 3823.1790 342.5348 -431.5508 3952.7950 298.2559 -500.0779 3996.8490 163.9304 175.1923 3781.6980 196.7638 -134.6997 3909.8000 242.5556 -420.7411 4062.1390 232.5329 -481.8147 4126.2120
214.5478 807.7800 3586.5690 246.9075 688.5421 3636.4550 243.6460 625.5564 3658.7210 233.2274 433.5584 3717.7390 218.6839 173.4860 3788.9890 344.6149 574.2266 3591.2760 420.6435 384.7345 3629.0880 191.1588 316.6157 3544.7610 131.5594 318.1872 3550.5740 114.6414 615.7668 3723.5650 104.5494 433.2297 3749.0080 120.6908 346.7362 3563.3390 112.7613 318.0560 3559.2910 269.7830 168.7142 3732.9390 308.4983 -146.6203 3823.2740 342.7181 -432.0618 3952.5430 307.2847 -498.1621 3974.6600 164.0352 175.3852 3782.2070 196.2726 -134.3589 3909.3750 242.8240 -420.7083 4061.7260 194.5294 -478.4354 3967.1720
214.3320 807.7778 3586.4670 246.8397 688.5265 3636.3450 243.5894 625.5407 3658.5800 233.2193 433.5342 3717.4550 218.8048 173.4379 3788.3580 344.8010 574.2723 3590.7890 420.6928 384.1703 3628.4580 190.1595 318.8394 3544.8880 128.5565 317.7440 3549.3450 113.7307 615.0457 3723.5390 103.6598 432.5113 3748.9850 116.9954 344.8574 3557.3750 109.8531 317.0059 3555.6830 269.9796 168.6437 3732.0460 308.2760 -146.5979 3823.0290 343.3379 -431.2096 3951.0200 307.3281 -498.8481 3975.1640 164.0907 175.3522 3781.7420 196.4673 -134.9543 3909.2460 239.3885 -417.6927 4057.7020 191.1931 -475.4368 3963.0860
214.1153 807.6668 3586.1760 246.6748 688.3594 3635.9660 243.4421 625.3594 3658.1170 233.1475 433.2900 3716.6650 218.8943 173.0800 3786.9400 343.9361 574.6327 3589.2310 420.1236 383.3650 3627.4130 179.3339 331.8705 3570.2610 121.3667 322.6472 3546.5670 112.7854 613.4612 3721.7340 102.7156 430.9351 3747.1960 115.0447 342.5572 3550.6600 109.5303 315.6700 3549.7390 270.1167 168.3394 3730.7500 308.3136 -148.1907 3822.5230 347.3351 -427.1144 3942.9810 304.7053 -500.3241 3972.1520 164.1087 174.9326 3780.1340 196.3094 -135.7943 3908.0780 239.6797 -419.5791 4056.9710 191.6206 -477.2997 3962.2460
212.9711 807.1881 3584.5840 246.0054 688.2567 3634.6810 242.8632 625.2168 3656.8150 232.8218 433.0125 3715.3040 218.8790 172.5973 3785.4590 343.6802 574.9040 3587.7170 419.0783 382.5793 3626.8820 178.1999 331.8653 3569.3690 117.2659 322.5914 3543.1880 112.9710 612.4713 3718.6910 102.8892 429.9449 3744.1450 114.3001 342.3509 3549.5180 106.8397 315.3861 3547.5720 270.1980 168.0220 3729.8390 308.6527 -150.6915 3821.0320 345.0296 -431.5514 3943.4970 311.2532 -502.2106 3960.0750 163.9272 174.2504 3777.8900 196.0523 -136.4294 3906.1200 241.2269 -420.2243 4052.4220 193.5194 -477.9952 3957.4920
213.0131 807.2984 3584.7340 245.9925 688.5137 3634.7980 242.8678 625.4408 3656.9250 232.8667 433.1541 3715.4050 218.9655 172.6710 3785.5730 343.5784 575.0262 3587.9080 419.1804 382.5988 3627.1100 186.8757 320.7600 3546.1420 128.5745 317.1867 3544.1110 111.3835 613.6245 3721.4220 101.2976 431.0970 3746.8770 110.4967 344.6675 3554.5730 109.4909 315.3898 3551.0780 270.2275 168.0817 3729.9090 309.0351 -151.7934 3822.3470 344.8820 -431.8703 3946.8150 307.7859 -501.7083 3967.5800 164.1010 174.3433 3778.0750 195.3613 -134.3988 3906.1540 242.3748 -420.6487 4053.4050 194.2071 -478.3506 3958.7360
213.0145 807.4774 3585.5190 246.3471 689.0354 3636.6070 243.2022 625.8472 3658.5160 233.1417 433.2727 3716.4640 219.1625 172.5429 3786.1620 343.6127 575.0830 3588.3140 419.3591 382.3504 3627.6670 187.1092 320.5608 3546.4800 132.0914 320.0131 3552.7930 110.8331 611.6241 3719.5960 100.7459 429.1035 3745.0530 109.5099 342.9195 3553.0250 108.9699 319.4885 3563.5510 270.5463 168.0438 3730.2850 308.9856 -151.7400 3822.4330 344.1372 -429.9526 3945.4670 305.1553 -501.6388 3970.7060 164.1336 174.0867 3779.0130 195.2637 -136.0596 3907.8900 243.2511 -421.5146 4055.1600 195.7867 -479.2710 3960.0400
213.1431 807.4534 3585.9310 246.4548 689.1715 3636.7070 243.2760 625.9578 3658.6270 233.1359 433.3268 3716.6200 218.9846 172.5001 3786.4830 343.4586 574.9097 3588.1850 419.2994 382.4082 3627.6000 177.1190 334.5826 3573.8500 181.8100 310.4398 3560.2030 111.1674 611.8664 3720.3480 101.0756 429.3445 3745.8000 111.3178 343.0333 3553.1230 112.3757 316.5041 3554.4030 270.2817 167.9942 3730.4550 310.4506 -152.6859 3822.3900 341.7711 -432.7152 3949.7660 305.7636 -503.4055 3968.2930 164.0505 174.0564 3779.5740 196.1423 -137.8970 3909.8150 245.2852 -421.9016 4065.3550 197.5013 -479.6184 3970.4120
212.9507 808.1222 3587.6370 246.5457 689.4560 3638.4600 243.2188 626.3036 3660.3040 232.6330 433.8407 3718.1470 217.7620 173.2859 3787.9230 343.2954 575.1125 3589.5230 419.4192 382.9157 3628.1460 187.0169 321.5486 3547.0920 131.8408 319.0133 3549.4230 112.1965 616.7054 3726.0730 102.0964 434.1707 3751.5270 112.9798 343.1666 3553.2000 114.1816 317.7555 3557.1180 268.7960 168.5652 3731.5910 309.9863 -152.0817 3822.8920 343.9416 -432.9740 3951.8610 306.8447 -501.0734 3966.4410 163.0918 175.1062 3781.3560 195.4711 -136.3012 3910.2540 244.2900 -420.5585 4062.4310 195.0785 -478.0335 3968.2940
212.4373 807.9439 3587.3580 246.0394 689.3331 3637.0670 242.7720 626.2049 3659.1660 232.3357 433.7820 3717.5900 217.6154 173.2496 3787.7860 342.7994 575.2274 3589.1950 418.7407 383.0546 3627.2730 186.6313 321.8240 3545.1710 128.8579 316.8724 3539.8780 110.9793 615.3981 3724.1100 100.8812 432.8654 3749.5590 113.2312 337.7642 3545.8430 110.5068 316.0104 3547.6400 268.7072 168.5600 3731.5470 309.9584 -151.8168 3822.4120 344.1006 -432.0261 3949.9700 309.3163 -495.2214 3961.0300 162.8645 175.0166 3781.0400 195.9673 -136.8277 3909.3560 244.5210 -422.1970 4063.9750 195.8764 -479.7949 3969.5470
211.4591 808.7279 3585.9800 245.5113 689.2068 3634.7610 242.3293 626.0290 3657.1420 232.1053 433.4824 3716.3060 217.5820 172.8542 3787.1870 342.3835 574.7859 3589.1190 418.4356 382.1878 3626.8440 185.7675 329.0028 3540.4380 126.1763 317.9456 3540.0090 111.1962 613.3703 3718.4370 101.0939 430.8382 3743.8790 112.8853 338.1715 3545.6220 105.6248 315.5044 3546.1780 268.7884 168.1616 3730.9540 310.1536 -149.2196 3815.6440 344.0865 -432.3429 3950.4420 306.2223 -495.4836 3959.0190 162.7166 174.6202 3780.3930 196.4139 -138.6612 3908.3170 245.3941 -422.8923 4061.7810 208.3740 -499.2676 4046.8750
211.4070 808.4810 3586.1390 245.3807 689.3778 3634.8640 242.1994 626.1480 3657.1950 231.9316 433.5001 3716.2560 217.2044 172.6270 3786.9000 342.5454 574.8128 3588.9400 418.4273 382.0303 3626.6660 185.5843 329.9267 3540.0600 129.5592 320.1668 3545.4560 110.3005 611.8002 3718.6410 100.2023 429.2740 3744.0790 114.0907 338.5585 3545.3260 110.8377 315.3810 3552.7530 268.4846 167.9983 3730.7420 309.3218 -147.0098 3814.4670 341.5310 -427.4380 3940.0470 306.6951 -496.5686 3957.2470 162.2685 174.3278 3780.0070 196.1106 -138.0807 3906.9400 244.4910 -423.1290 4058.9460 197.3367 -480.9828 3963.6990
213.6599 808.2604 3601.1690 245.8440 691.0049 3647.2940 242.5443 627.9127 3669.2100 231.9801 435.5795 3727.1920 217.0392 175.0816 3796.9010 342.5012 576.3320 3599.6080 420.1927 383.6456 3629.8290 189.0634 313.9860 3552.2140 132.7611 316.3811 3571.1120 110.8170 618.5374 3742.7130 100.7165 436.0091 3768.1470 118.2762 341.2912 3561.4460 127.1946 307.8894 3564.8590 267.6366 169.5777 3738.0790 309.2971 -145.1531 3816.8460 324.0850 -435.0108 3965.4540 272.7197 -492.0720 3872.3000 163.0665 177.8365 3793.1080 195.7653 -136.7400 3908.9500 244.7042 -422.4328 4058.2590 193.9904 -479.6588 3965.0410
213.3479 808.0800 3599.7610 245.7453 691.0533 3647.0640 242.4309 627.9355 3668.9130 231.8120 435.4697 3726.6090 216.8025 174.6378 3795.7320 342.4613 576.4490 3598.5590 420.0764 383.6699 3629.7380 188.8200 317.0150 3549.6430 131.7381 316.5774 3549.9710 110.3884 615.5507 3740.0050 100.2889 433.0312 3765.4360 119.1208 332.3424 3559.7480 114.9186 310.4586 3557.4600 267.4159 169.3720 3737.5200 309.1077 -146.0464 3818.1500 328.7302 -436.3031 3961.5750 277.8708 -493.4046 3868.0540 162.8000 176.9886 3790.8660 195.7353 -136.5581 3909.0300 244.7902 -419.3896 4056.0490 194.6185 -476.6898 3962.4580
211.6648 807.3547 3591.9110 244.8609 690.0383 3642.5420 241.7797 626.8663 3664.1410 231.9486 434.2013 3720.9880 218.2813 173.0711 3788.7930 342.4690 576.6744 3593.4740 420.3068 383.2654 3628.5490 187.2256 328.2548 3544.6660 128.3207 316.8065 3536.4610 109.2810 613.3976 3721.5110 99.1827 430.8672 3746.9440 118.9114 338.5212 3547.1650 116.9145 316.6689 3541.2530 268.8428 168.5156 3733.7690 309.3591 -148.6089 3817.7430 338.1663 -440.2523 3946.7270 290.7775 -497.8107 3851.1060 163.9981 174.5022 3779.6220 195.6971 -138.2034 3908.1240 244.3147 -419.2606 4055.2440 197.6984 -477.0599 3959.5410
211.7591 807.5424 3593.4800 245.9806 690.2524 3643.9410 242.6637 627.0626 3665.5970 232.2031 434.3690 3722.8210 217.4084 173.2533 3791.8040 342.2252 576.2853 3593.7700 420.4229 383.5749 3629.2150 187.6169 327.3539 3545.3630 131.2491 318.2549 3551.2410 111.4058 614.9046 3728.0990 101.2995 432.3751 3753.5320 119.0605 339.4710 3549.4600 120.5205 319.1177 3557.1910 267.6952 168.5392 3735.9750 309.2122 -150.1035 3824.4860 340.3769 -438.4305 3948.1710 290.9690 -495.7246 3853.7070 163.4904 174.9905 3784.3010 197.3292 -139.7228 3912.4030 244.9503 -419.4509 4059.4810 196.3282 -476.9725 3964.9350
211.4435 807.8209 3592.7900 246.2448 690.3805 3640.2560 242.9064 627.1527 3662.4300 232.3571 434.3655 3720.9510 217.4952 173.1948 3791.0530 341.7436 575.6349 3592.9790 420.7201 383.5766 3629.1330 188.7890 326.3173 3543.3670 129.3378 316.3380 3541.9340 110.8133 614.9685 3727.7820 100.7093 432.4382 3753.2150 118.5793 339.7807 3549.2660 116.6980 316.8158 3547.6390 267.7204 168.6053 3735.3520 309.4586 -149.6070 3821.5400 341.7284 -433.2986 3942.0360 304.4240 -508.5088 3965.4960 163.6497 174.7970 3783.4400 196.9936 -139.2233 3911.5060 244.1422 -419.3480 4057.5990 195.4192 -476.9403 3963.1970
211.1015 807.9884 3591.2450 246.5962 690.5210 3639.8300 243.2894 627.3031 3661.9480 232.8117 434.5352 3720.3250 218.0525 173.3824 3790.2650 341.4413 574.9016 3592.5060 420.6254 383.6385 3629.0850 182.9621 311.1799 3584.9070 158.5114 325.3392 3544.8030 111.4617 616.3341 3727.6990 101.3551 433.7982 3753.1330 117.4217 340.8185 3550.5090 117.9845 319.7165 3548.2860 268.2094 168.7881 3734.5190 310.2133 -145.9604 3818.7840 342.5387 -433.4175 3943.1010 307.7052 -499.8673 3966.9030 164.2601 174.9979 3782.7290 195.8291 -137.1424 3912.0810 243.4215 -418.8029 4059.1550 194.3897 -476.3446 3964.9310
211.0646 807.9845 3591.6730 246.9799 690.4049 3639.8600 243.6137 627.2283 3661.9240 233.0241 434.5493 3720.1800 218.2105 173.5431 3789.8750 341.4488 574.8713 3592.5060 420.4656 383.6597 3628.5940 188.8906 325.2337 3542.6210 131.7160 320.6538 3546.6620 111.0525 616.0060 3728.1040 100.9476 433.4715 3753.5360 117.2854 341.1568 3550.4350 121.8452 323.8675 3551.9990 268.4195 168.9883 3733.7170 310.1497 -146.0503 3818.8620 343.5245 -432.0406 3943.0260 306.8184 -499.1598 3963.9120 164.3691 175.1201 3782.6050 196.0545 -137.3325 3911.3600 243.4214 -418.7681 4059.1190 204.9561 -476.0742 4093.7500
211.2809 808.1275 3591.4580 247.2595 690.4424 3639.1910 243.8516 627.2683 3661.2720 233.1256 434.5950 3719.5990 218.1567 173.5898 3789.4170 341.6058 574.7363 3590.5470 420.1170 383.0995 3628.0220 188.0324 331.0434 3539.1360 134.4512 325.7683 3538.6900 112.8419 616.5075 3722.4350 102.7287 433.9651 3747.8680 120.3916 344.5759 3541.2070 124.2067 324.7692 3542.8620 268.3694 168.9953 3733.4590 310.7267 -136.2195 3808.0240 344.1846 -430.9464 3942.9720 303.7909 -498.6840 3967.0910 164.3216 175.2292 3781.9510 195.7856 -136.6555 3910.2010 244.2462 -418.6569 4057.3570 195.8353 -476.2678 3962.7590
211.3727 808.0369 3591.5410 247.2693 690.4038 3639.1620 243.8591 627.2314 3661.2280 233.1159 434.5650 3719.4930 218.1017 173.5852 3789.2040 341.7746 574.7911 3590.5420 420.0329 382.8476 3628.1880 189.1777 318.9728 3544.3610 133.6747 329.1464 3548.1720 112.4760 617.0551 3727.9800 102.3651 434.5163 3753.4130 120.0927 345.0681 3541.7850 126.4360 329.9147 3549.1860 268.2630 169.0117 3733.2740 309.6406 -142.5674 3815.0640 326.0278 -449.4457 3982.5440 275.6533 -506.5602 3888.7940 164.3208 175.2071 3781.7290 195.4980 -135.4745 3910.2030 244.8862 -418.9212 4057.4330 195.1648 -476.3215 3963.6060
211.8612 807.4756 3590.2780 247.8272 690.5744 3638.5260 244.3142 627.4047 3660.5720 233.2820 434.7555 3718.7590 217.8625 173.8227 3788.2870 342.4712 574.5970 3589.1400 419.5658 382.1208 3626.1120 224.1811 346.0934 3556.4510 147.8842 332.7753 3525.7020 112.6014 617.0460 3728.2180 102.4900 434.5073 3753.6500 119.5854 346.2353 3540.2310 119.4814 327.9677 3532.3800 267.7737 169.2428 3731.9530 309.1052 -141.4327 3813.8530 358.5018 -440.8693 3952.0810 302.9791 -497.4338 3961.6370 164.2654 175.4319 3781.1780 195.8811 -134.3854 3907.2590 244.1850 -422.3715 4052.0300 194.1461 -479.6671 3958.3770
212.6781 807.7438 3590.6360 248.5211 690.7846 3638.9960 244.8608 627.6115 3660.9460 233.4853 434.9326 3718.9280 217.8466 173.9881 3788.3550 342.7867 574.7715 3589.0870 420.0968 382.9835 3625.1510 190.2337 341.3315 3524.7100 141.9802 347.2016 3523.0410 113.4059 618.4503 3727.2920 110.2640 432.0191 3730.2070 119.1353 346.8924 3539.6300 118.6875 338.7824 3533.0170 267.7613 169.3265 3731.9620 308.6757 -137.2543 3810.9200 352.3628 -434.8662 3947.0300 306.9185 -506.0461 3956.8110 164.2517 175.7347 3781.3800 197.0243 -136.4357 3907.9060 244.9710 -422.2339 4055.9070 195.0177 -479.5213 3962.1730
213.3116 807.9160 3590.4510 249.8443 690.5091 3638.1650 245.8326 627.4458 3660.2750 233.7055 434.9642 3718.6460 217.6413 174.1582 3788.2230 343.9072 574.6406 3586.7170 418.6709 383.2222 3621.7030 187.6671 345.1512 3522.6960 136.6006 362.3518 3515.0860 115.1037 617.7092 3723.2060 117.6153 401.2831 3692.7900 119.1515 337.3951 3510.1780 159.5034 349.5700 3505.0010 267.6343 169.3752 3731.8900 309.5983 -138.1123 3809.7650 341.9224 -436.1031 3951.4760 299.7289 -489.4348 3969.9870 163.9587 176.0844 3781.1880 195.6774 -131.5644 3902.8930 244.3231 -422.5560 4056.1670 194.7230 -479.8901 3962.2140
213.3911 807.8578 3589.3850 249.9965 690.5531 3638.0470 245.9621 627.5019 3660.1610 233.7448 435.0570 3718.5540 217.4980 174.3702 3788.1510 344.4591 574.5254 3586.2190 412.4079 383.4923 3615.3770 181.8753 389.5447 3508.2910 120.7839 394.5377 3508.8920 114.5672 616.3447 3722.1340 116.3365 400.2598 3693.5300 119.3305 337.6137 3510.5290 153.1734 375.4643 3479.1860 267.5395 169.4960 3732.0100 310.2722 -139.3104 3809.8890 341.4500 -436.5174 3949.0910 305.5231 -498.4984 3961.0660 163.6872 176.5288 3780.7500 195.5291 -131.6649 3902.7220 243.2749 -420.7524 4053.6410 194.0243 -478.1540 3959.4680
214.1615 807.0735 3590.3170 250.3170 690.7351 3638.0610 246.2554 627.6798 3660.1590 233.9098 435.2197 3718.5220 217.5045 174.5119 3788.1270 344.9278 574.2807 3585.4730 404.6123 376.3042 3604.0260 176.5690 400.1780 3502.0870 124.7318 417.9186 3500.1410 112.8670 612.3888 3720.7710 92.3847 378.7294 3798.2130 120.4345 353.3311 3553.6990 114.3570 388.9431 3524.6560 267.5500 169.5929 3731.9990 310.5771 -143.5291 3813.3030 341.3679 -436.8866 3949.2170 291.9161 -494.1735 3854.7600 163.6965 176.6953 3780.7340 195.5325 -131.6948 3902.7160 243.5187 -419.2380 4055.4360 194.8690 -476.7381 3960.8970
215.8067 806.1956 3595.3180 251.1449 690.5771 3641.9710 246.9921 628.0013 3663.7500 234.3266 436.9943 3721.6290 217.2330 179.2020 3791.4930 346.3679 573.5404 3586.9120 396.3540 376.9985 3601.0660 178.7307 435.1552 3496.0260 125.6820 449.8979 3499.4440 112.0241 621.5854 3733.0280 92.9289 385.1843 3803.7750 126.2040 398.9913 3582.8190 121.4462 431.7513 3514.4830 266.7527 172.4191 3732.9810 309.3790 -134.6341 3814.6090 343.7202 -428.1794 3948.9400 301.2695 -477.2949 3986.3280 164.5141 183.9647 3788.1850 195.2609 -130.3705 3904.2210 250.3781 -425.7486 4071.1820 199.1274 -482.7867 3978.1890
217.9302 806.0963 3599.2880 253.1722 690.4640 3645.2680 248.8287 628.1081 3667.0810 235.4771 437.7883 3724.9680 217.3720 180.6801 3794.9050 348.8389 575.9611 3589.0180 389.7839 378.6201 3594.0950 180.6139 465.9187 3488.9000 123.5544 490.5499 3488.6650 114.0530 623.0419 3727.7350 96.6003 394.9179 3818.4020 126.7467 400.0407 3586.7240 136.8885 402.1099 3512.9510 267.2468 173.7997 3736.0230 310.7427 -135.7610 3815.3320 344.4116 -428.6888 3949.4340 301.5044 -487.8638 3981.6310 164.1840 185.1196 3791.2760 196.1702 -131.3364 3906.4860 249.8756 -424.3020 4065.1570 200.4515 -481.6152 3971.0160
218.1033 805.7407 3599.4240 253.3670 690.4150 3645.3180 249.0326 628.0614 3667.1370 235.6590 437.7620 3725.0210 217.4836 180.6415 3794.9300 351.7211 577.5755 3587.8460 374.6670 378.5304 3579.5210 173.1146 495.8288 3480.4280 119.5597 527.0176 3477.1670 114.6691 623.8913 3721.1680 96.8688 397.8813 3816.1430 126.6000 400.6236 3586.7240 136.6035 401.9019 3513.7040 267.6089 173.7134 3736.3330 311.6134 -133.5635 3813.1190 344.9328 -428.6264 3949.1220 300.8122 -492.1852 3977.0440 164.2210 185.0391 3791.0950 197.8577 -133.4189 3907.3670 248.7653 -425.4997 4064.5520 201.0169 -483.0590 3969.4350
219.0167 806.0253 3598.9060 253.5849 690.4799 3645.0510 249.3106 628.1374 3666.9050 236.1571 437.8994 3724.8650 218.3393 180.8014 3794.8930 354.8902 579.1906 3586.9610 366.5798 375.7128 3570.7700 191.3610 516.4303 3470.9610 137.7748 556.6554 3460.0080 114.9283 624.8211 3716.3620 97.3541 402.1809 3817.8940 127.0591 403.7513 3591.2700 137.0541 404.6423 3519.1810 269.1467 173.8944 3736.8630 313.1815 -132.7554 3812.6240 318.3622 -455.4006 3983.7100 271.4640 -512.9018 3887.8910 164.6884 185.1503 3790.6000 198.1139 -133.3188 3907.8870 250.9536 -423.9008 4057.4160 235.1875 -481.2566 4094.3570
219.6134 806.3079 3598.6660 254.1561 690.6794 3644.7070 249.8276 628.2004 3666.6400 236.5960 437.6225 3724.7350 218.8411 179.5320 3794.8780 354.5099 579.0478 3587.1030 347.6846 386.2011 3543.9060 198.2745 524.3012 3469.8020 139.0818 582.6363 3455.9890 114.8179 624.7619 3719.6900 99.3006 403.9998 3824.9120 128.0005 407.3255 3594.8080 197.8443 461.3924 3594.7620 269.6832 172.6394 3737.1180 312.9397 -133.4373 3812.8450 345.7016 -432.8036 3938.7840 305.9269 -500.0566 3967.6060 165.0538 183.6924 3790.1480 198.2011 -133.7525 3908.1190 250.6358 -424.3798 4060.4960 203.4560 -482.0535 3965.0680
220.2189 807.0624 3598.9580 255.5650 692.5795 3641.0760 251.3384 629.9086 3663.8470 238.2680 438.9416 3723.7080 221.1100 180.8194 3795.4440 352.7163 578.3871 3587.3770 343.1345 387.1901 3542.1690 206.9191 532.1743 3475.5690 152.1105 598.4899 3462.5140 114.2224 624.9869 3725.1090 100.8432 407.5992 3836.4760 131.3780 423.3507 3607.8800 194.5175 471.6787 3606.0580 271.2387 173.8169 3737.0060 313.0497 -133.5292 3813.4630 347.0474 -429.4700 3942.5640 306.7149 -500.3022 3967.7540 167.9165 184.9622 3791.4090 198.6824 -132.0134 3908.5210 251.2906 -427.2156 4066.8690 202.6736 -484.8012 3972.4020
221.1945 809.0863 3599.7600 255.1064 697.5856 3633.0290 251.5011 633.9032 3657.5350 239.3856 440.5618 3721.4420 222.7558 181.0010 3795.5460 349.4253 577.0026 3586.8980 335.2900 395.8585 3527.1970 206.1216 572.0683 3468.2440 150.6149 626.7148 3455.2230 112.5842 611.4956 3738.5090 101.1500 402.3297 3843.0810 133.0337 424.6068 3610.1310 195.6341 476.3023 3604.6980 272.7429 174.0229 3735.4460 313.9735 -132.3257 3813.2900 347.0931 -430.7914 3950.4030 306.7875 -500.5136 3967.5200 170.5893 185.1855 3793.4760 198.6512 -131.6657 3908.8870 248.6924 -423.4561 4066.5540 197.1446 -480.8720 3974.1570
221.5425 809.0732 3599.4910 252.5956 696.4000 3631.9160 249.7603 633.1950 3656.5400 239.1782 440.5588 3721.0950 223.4542 181.2670 3795.6540 346.7029 576.0033 3585.8510 333.0033 398.4042 3513.9530 213.7496 559.8680 3469.9070 156.4809 627.2713 3453.3970 110.5934 609.8788 3743.1270 105.4728 405.7685 3847.5290 137.2099 424.7024 3615.5520 200.9910 463.7016 3600.2190 273.2545 174.2126 3734.0610 314.3953 -130.4703 3813.1330 347.0010 -430.6479 3950.5400 306.6682 -498.8577 3968.1180 172.1952 185.8860 3795.5110 199.1390 -130.8959 3909.3560 247.8084 -422.9110 4066.4500 194.9835 -480.2272 3975.0030
220.7003 816.1288 3593.7920 249.4944 696.3176 3620.9140 246.9099 633.4940 3646.5150 237.7117 441.6359 3714.8780 223.4094 182.0119 3794.4500 345.0217 575.8018 3585.2480 288.5939 415.9045 3491.5840 209.0259 580.6044 3465.6980 154.4915 645.0850 3451.2580 111.2784 607.2818 3741.0620 105.4547 403.4085 3846.0520 137.3162 418.1713 3612.7920 195.4810 464.9000 3596.8460 272.9646 175.2307 3731.8960 314.8374 -128.5251 3811.6920 346.1623 -431.7925 3950.5340 302.9142 -500.2456 3972.3270 171.9914 186.3879 3794.6850 199.3366 -129.3553 3907.9330 243.9438 -421.5505 4062.2200 191.3740 -479.3290 3971.0350
220.9068 815.8152 3593.8000 249.5247 696.2250 3620.9020 246.9186 633.4303 3646.5060 237.7067 441.6262 3714.8870 223.4430 182.0912 3795.0570 343.4585 574.9406 3584.3430 289.3839 414.1576 3490.8490 190.9325 637.5057 3445.8700 144.6405 664.7531 3451.7460 112.7821 604.9347 3742.5170 106.9053 401.9602 3849.7740 150.5882 445.7506 3618.3790 202.5174 479.4902 3604.2990 272.7015 175.1665 3731.5880 314.6962 -127.9464 3812.7110 348.3801 -433.1711 3951.9490 302.6197 -499.9419 3973.1820 172.4552 186.8028 3798.4080 201.8231 -131.0890 3911.6590 243.3046 -423.9066 4067.4010 189.8405 -481.5317 3976.8420
218.7315 812.3910 3590.7500 244.4317 693.0983 3622.5240 242.8715 631.1795 3647.5250 236.2502 441.2269 3714.8940 223.3811 182.4425 3794.9740 340.5756 574.8574 3577.7980 289.5809 410.6908 3489.2530 220.5322 580.2645 3466.6170 169.9694 638.8179 3454.5310 111.6856 602.8920 3742.7270 107.6278 396.7826 3849.5500 150.9862 447.2373 3617.1280 197.3191 479.1163 3597.0720 272.1162 175.7397 3730.6510 316.1621 -123.4867 3807.5210 349.0420 -433.8062 3950.6470 292.4501 -482.7483 4006.7860 172.4779 187.0929 3798.4810 196.5525 -122.8242 3906.3980 244.9695 -423.0229 4063.4810 189.9275 -480.4468 3974.1080
215.7563 810.0780 3584.5180 246.1982 694.2438 3622.1320 244.0139 632.0013 3646.9430 236.5754 441.7995 3713.5180 223.1029 183.1030 3792.0840 337.6483 574.9937 3571.6770 289.4115 408.8708 3485.6350 194.6730 635.9909 3440.1690 143.4965 667.7179 3447.4230 115.0202 599.0389 3726.2520 110.3845 390.9690 3836.7630 152.1704 446.7751 3602.9980 199.4993 476.6913 3581.2330 271.5088 176.1968 3727.1940 318.0238 -127.1859 3804.0160 342.9198 -442.5046 3966.0910 306.3762 -515.2261 3951.1420 172.0705 187.8047 3794.9880 197.8662 -122.8821 3901.3060 245.1992 -422.7203 4057.5580 244.3932 -504.3060 4025.8490
214.5563 808.8503 3582.0400 247.8923 695.1267 3620.4820 245.4527 632.7326 3645.2820 237.4495 442.2231 3711.7480 223.8132 183.3364 3790.7320 336.5467 574.9338 3569.2550 289.1093 408.6066 3483.1580 194.5576 636.1521 3440.0290 145.8645 669.1289 3449.4530 115.0784 598.9337 3725.8730 113.2844 395.2640 3836.9500 155.1544 453.7825 3602.7290 205.3614 476.6608 3575.3590 272.0670 176.5447 3724.4280 318.2278 -114.5641 3794.5370 344.6775 -427.8086 3952.5370 300.9192 -480.1477 3970.9810 172.6947 187.8492 3794.3140 196.1027 -119.9008 3902.1200 244.9133 -422.2105 4057.1470 190.5433 -479.6007 3967.1260
212.3413 805.1025 3582.3980 248.0061 694.6302 3622.1520 245.5212 632.4024 3646.4440 237.4483 442.2024 3711.9550 223.9198 183.5226 3790.7010 335.7919 574.4699 3568.6470 283.6415 408.1123 3485.8480 223.6274 581.3153 3481.9590 183.6901 620.6935 3467.6610 113.8205 597.1041 3728.7820 113.5093 394.5440 3837.2500 155.1805 453.4806 3602.8540 203.5230 490.1176 3586.0480 272.0319 176.7687 3724.2950 322.7938 -124.4001 3796.5250 346.6063 -429.1408 3951.6480 290.7475 -486.2225 3862.1080 172.8898 187.9705 3794.3440 197.0472 -121.4449 3902.1760 244.3161 -421.3958 4057.2710 265.5467 -499.7394 4023.3800
212.1869 804.8265 3582.5490 248.0845 694.3262 3622.6090 245.5790 632.2296 3646.8730 237.4613 442.3845 3712.3640 224.2182 185.0095 3791.6620 335.8837 574.2695 3568.0030 276.0566 410.9971 3484.0340 196.9503 636.5278 3441.9650 148.9931 670.3088 3459.7310 116.0353 599.4735 3729.9390 115.3160 394.2584 3839.0370 156.5144 453.5283 3604.2930 209.3381 485.6244 3577.6670 271.7971 177.3585 3724.2800 322.3730 -122.0772 3796.5970 347.5187 -424.7552 3950.7210 313.0356 -486.7864 3963.8580 174.1842 190.7723 3797.2350 194.1111 -112.1878 3901.4280 244.9759 -422.7764 4058.1400 261.9064 -502.2592 4026.2280
210.3150 802.1643 3579.5850 249.8013 694.5081 3621.4070 246.8859 632.3620 3645.6650 237.9017 442.4812 3710.8440 223.8082 185.1110 3789.2130 335.4723 574.2648 3566.4110 269.2118 416.0202 3476.9760 227.8261 594.5203 3470.0440 185.1359 627.5448 3453.3090 116.8894 600.2812 3729.8430 116.2351 392.4530 3835.9190 157.1967 452.0933 3601.1970 199.6167 482.5681 3574.6720 270.8795 177.6121 3722.6150 322.2858 -121.5560 3795.3570 348.9715 -425.6226 3942.7590 307.9768 -497.1170 3950.5590 174.1164 190.2966 3792.8300 194.9936 -114.0096 3899.3090 244.9073 -425.1852 4052.7140 177.7990 -488.3273 4089.1500
209.5011 800.8302 3579.5480 249.9190 692.7407 3619.4380 247.0717 631.0695 3644.1210 238.1131 442.1993 3710.2110 224.2682 185.4625 3789.0910 335.6809 574.1505 3565.8210 268.9996 415.9210 3476.7150 229.4864 594.4158 3478.8390 189.3054 629.2537 3464.5500 116.7200 600.1375 3729.8740 117.3897 395.7956 3834.1270 158.2444 455.8257 3599.2260 210.5206 484.7122 3567.5670 271.2223 178.0903 3722.2720 321.9228 -121.6855 3796.0290 342.7111 -428.9119 3949.6700 307.9992 -497.4911 3952.0240 174.5314 190.4453 3792.8780 195.9051 -115.3155 3899.5150 245.2605 -425.6791 4053.4420 188.8008 -482.6198 3964.8640
208.4442 799.1982 3577.0490 250.6084 692.3901 3618.7750 247.5874 630.7435 3643.4320 238.1692 442.0040 3709.4050 223.8674 185.5324 3788.2450 335.7700 574.3652 3564.9220 266.1818 421.0655 3468.8050 228.9472 599.2068 3479.0680 185.0522 622.7682 3454.0630 116.8627 600.2368 3730.0380 116.5934 393.5463 3833.0860 157.3614 453.7011 3598.1660 200.1765 481.5042 3566.3510 270.6499 178.1972 3721.7750 320.9447 -119.6439 3792.2030 345.6040 -427.9055 3942.1390 308.8247 -497.3148 3950.3440 174.1637 190.3470 3791.4010 196.5559 -115.9019 3897.0560 245.0715 -423.8087 4051.8610 188.3677 -480.6851 3963.4240
208.0776 798.7937 3576.9860 249.4395 691.0307 3621.1240 246.8160 629.7200 3645.1350 238.0920 441.7731 3709.8170 224.2506 185.7025 3788.2730 335.9675 574.4612 3564.7950 275.0195 415.9144 3471.8010 228.8538 592.5060 3477.6070 187.0314 628.7879 3461.7640 120.1625 600.4714 3726.8740 117.2437 399.5432 3838.7910 157.8699 459.8309 3603.8510 203.3516 488.9814 3576.4020 270.9242 178.2787 3721.6780 320.8819 -119.3746 3792.6980 345.7636 -428.3277 3942.3950 308.1684 -496.1269 3953.7350 174.5626 190.5537 3791.6020 196.7435 -115.6525 3897.6960 245.7593 -423.1609 4052.8870 189.1622 -480.0361 3964.3360
207.7587 798.3025 3576.8190 248.9263 689.7088 3622.8890 246.4161 628.6426 3646.3740 237.9825 441.4313 3709.9610 224.4090 185.7153 3787.7470 335.7593 574.4284 3563.6430 270.7121 416.0100 3473.6300 222.2786 592.7086 3467.7020 187.4852 651.4192 3455.0140 120.1956 600.4370 3726.9080 117.9794 401.0037 3833.9710 158.5411 461.3418 3598.9680 203.3454 492.3126 3570.7840 270.9065 178.2925 3721.0010 320.3087 -119.6375 3793.2310 346.2011 -428.8748 3941.9290 297.2812 -502.1833 3966.1040 174.7960 190.5149 3791.2070 196.9633 -115.8212 3897.4240 244.8677 -421.2591 4051.3950 187.9610 -478.0331 3963.0240
207.1947 793.7257 3580.3300 249.0283 690.0083 3623.3870 246.5177 628.8256 3646.6760 238.0934 441.4903 3709.9300 225.3107 186.0417 3786.5700 335.0641 574.5890 3563.3370 274.7922 413.3822 3475.2600 237.4868 591.0413 3489.3890 186.0569 637.5320 3466.8190 120.0374 600.7417 3727.2690 117.8608 401.0786 3833.8090 155.8434 454.4252 3598.0020 206.7116 480.1419 3585.7120 271.9219 178.7681 3718.7060 320.0165 -121.0027 3794.7600 350.0860 -433.8027 3945.9880 306.0025 -504.8175 3960.0300 175.4393 190.6568 3790.8030 199.8804 -123.0163 3900.2310 244.5737 -421.8419 4051.2570 187.4189 -478.5267 3963.0370
201.1250 792.1250 3565.3210 252.0204 689.5066 3620.2880 249.2577 628.1383 3642.9470 240.2585 440.2327 3702.7560 226.2678 184.4471 3772.2800 334.1212 574.1656 3558.2210 271.4376 415.9421 3465.9450 231.1951 593.7808 3473.1880 183.9406 628.7502 3449.0600 128.4284 599.2503 3674.6100 117.0472 396.4938 3805.3500 151.4341 438.1924 3569.9010 200.0711 473.0421 3553.1400 273.7698 178.4647 3712.6200 320.0542 -121.3260 3788.6700 346.1663 -434.7581 3931.1830 303.9632 -507.6904 3943.5470 173.8781 186.6717 3764.9780 199.9396 -120.9372 3887.4080 243.0792 -419.7862 4039.0050 195.8455 -477.7424 3943.8570
200.4706 790.3219 3568.2640 254.8820 692.1534 3618.6910 251.1683 629.9697 3642.1920 240.6699 440.8470 3703.2940 225.4061 184.8693 3777.6310 334.5076 574.6431 3559.3010 270.3195 417.2173 3466.6910 231.3908 595.2858 3474.1840 186.3361 637.1343 3460.9540 132.3994 599.2270 3686.2120 116.4746 396.4943 3812.0930 150.4541 437.1947 3578.5860 211.7760 477.9470 3569.4800 273.2303 178.7435 3716.4930 319.3298 -123.2612 3795.4050 346.7471 -431.5818 3932.1430 305.8313 -505.7028 3947.8520 172.9144 187.6805 3775.1430 200.2583 -125.6054 3894.3300 243.6648 -418.7276 4040.4060 192.9829 -476.3023 3947.4420
199.9261 790.2459 3571.2440 254.7790 691.9933 3621.4410 251.0945 629.9499 3644.7250 240.3652 441.1132 3705.9510 224.9139 185.4620 3780.2580 335.5766 573.0581 3566.3700 270.7779 419.0043 3467.9480 227.7519 596.0992 3475.9170 191.6201 666.6692 3468.5230 127.7050 600.2916 3714.3360 115.8111 397.9287 3816.0390 150.8062 441.4959 3585.9800 209.0452 486.8857 3579.6660 272.9698 178.8728 3716.9750 320.2462 -118.9906 3792.0000 348.9881 -426.3114 3931.0860 308.0307 -488.5619 3948.6560 172.6198 189.2020 3782.0770 202.4704 -131.2053 3898.0970 243.2459 -417.5745 4041.4650 188.2067 -474.3824 3951.3850
200.1921 791.0025 3573.8130 257.2538 690.9200 3624.5710 253.2135 629.1932 3647.7540 241.3962 441.0606 3709.1240 224.7312 186.3109 3784.0700 335.6116 573.0819 3566.3250 268.2887 419.7325 3468.5730 235.6688 597.9607 3484.4900 198.0274 624.8409 3469.0560 125.7534 598.8541 3721.8250 117.0437 399.7751 3825.3740 149.6630 427.4798 3597.6130 213.0231 468.4803 3591.7920 272.3720 179.1227 3718.3880 319.6640 -120.5120 3796.5380 348.2639 -426.1079 3935.9610 304.2992 -491.5355 3957.7710 173.5749 190.7961 3788.4900 201.3237 -125.4184 3897.5710 246.1227 -420.3789 4050.5980 189.7327 -476.8864 3961.4480
199.5276 787.7657 3573.5120 257.8887 691.0039 3624.2150 253.7327 629.2635 3647.4540 241.5170 441.0779 3709.0270 224.6927 186.3002 3784.0310 335.4636 573.3254 3565.2810 272.6850 417.5277 3468.5180 233.1123 595.0379 3479.7440 192.9883 624.6344 3459.4380 125.4411 598.9485 3721.8780 117.0017 399.7286 3825.3830 152.6368 443.6151 3591.1440 203.9754 475.1233 3578.1580 272.2159 179.1285 3718.2930 320.0875 -119.8427 3795.2290 349.5025 -428.5876 3937.1300 302.4898 -493.4153 3957.6020 173.5802 190.7296 3788.3330 201.1887 -125.1904 3897.6400 244.8986 -424.9118 4049.2550 237.6709 -472.4121 4097.6560
199.7038 787.6106 3574.2430 258.5493 689.8378 3624.9540 254.2872 628.3293 3648.1330 241.7070 440.6578 3709.5860 224.5766 186.2498 3784.4800 335.4314 572.8377 3567.9800 271.6374 418.9151 3468.5900 248.9907 615.1103 3495.6920 193.1456 666.2824 3463.4290 124.6759 598.0243 3723.9200 116.7947 399.0087 3826.8420 137.6186 362.3997 3600.4260 144.6696 350.5549 3528.4090 272.0415 179.0133 3718.8190 320.2057 -120.3849 3795.6500 345.0315 -446.6487 3951.6520 304.4175 -500.7079 3971.5980 173.5309 190.7119 3788.4800 200.7935 -123.6620 3896.6860 246.3283 -425.2203 4051.1770 190.0014 -481.6661 3961.9670
199.5935 787.5583 3574.2580 258.5458 689.8340 3624.8430 254.2951 628.3404 3648.0630 241.7114 440.6993 3709.5840 224.5534 186.4694 3784.6030 335.7672 573.3685 3566.9100 270.3865 420.2697 3467.2340 248.8330 614.8346 3494.4340 195.3095 665.2482 3459.7040 124.7471 598.5494 3723.0010 116.8161 399.1820 3826.8870 140.7670 377.0491 3602.5610 148.8608 370.0320 3531.2400 271.8724 179.3195 3719.0020 319.7756 -120.6886 3796.3150 349.3441 -437.5835 3947.4920 304.7906 -501.6652 3967.2380 173.5885 190.8345 3788.4770 204.0756 -130.6382 3901.6240 245.9719 -425.2942 4051.0920 189.6631 -481.7502 3961.8800
200.6958 788.5015 3575.6790 258.8614 689.9096 3625.1950 254.6936 628.5187 3648.5720 242.2742 441.3820 3710.8250 225.1901 188.2482 3787.1420 335.8548 573.7827 3566.5010 266.7295 424.6406 3462.9490 253.1083 628.2113 3497.1760 195.5609 678.0530 3467.2980 125.1474 598.9732 3723.0490 117.2374 401.1601 3827.8580 142.4545 384.4714 3604.8100 150.9708 379.2715 3533.9140 271.8794 180.4776 3719.8360 320.9043 -118.7991 3795.5940 349.2963 -436.1157 3944.8890 302.1063 -499.0219 3968.2040 175.1828 193.0557 3792.9690 201.9686 -127.4042 3902.3910 243.1557 -417.8990 4050.7450 186.7551 -474.4803 3961.6820
201.2412 789.5887 3577.4600 266.0131 695.6894 3630.2230 260.9060 634.3362 3653.9460 245.6314 447.4376 3717.4110 224.7686 195.0656 3795.6740 336.5074 575.7958 3566.6060 266.4264 425.0571 3466.4750 251.6836 624.6199 3497.8530 194.9331 680.5178 3469.2340 130.0752 625.5884 3736.9800 116.3158 408.0591 3847.6980 141.7528 386.3080 3628.9240 210.4417 422.7170 3624.8940 269.8569 184.4464 3723.9090 319.7742 -118.4064 3801.4140 349.8700 -435.1853 3948.6450 288.2667 -490.5665 3862.9650 177.3101 203.1830 3806.4770 200.5981 -124.4395 3906.9810 245.6915 -419.0096 4058.4090 184.9415 -474.5950 3972.6430
201.3357 790.1322 3577.5590 267.8169 695.1947 3629.4750 262.3310 633.9852 3653.3800 246.0474 447.3623 3717.2500 224.7457 195.0636 3795.6480 336.3182 577.6145 3565.4820 261.5457 436.5461 3453.9920 247.4762 633.2322 3485.8260 190.4625 688.7484 3454.6700 128.1999 615.7023 3735.2900 114.9128 401.7051 3851.6850 150.9943 449.0546 3614.0420 199.8442 481.5091 3598.6290 269.6936 184.6196 3724.0420 319.8498 -118.3702 3801.3870 350.1278 -434.1320 3948.9240 289.2245 -489.6573 3862.6450 177.1924 202.7384 3805.6650 200.5804 -124.3990 3907.0270 245.8420 -420.1100 4059.8100 185.7933 -475.8242 3973.4470
200.5022 792.7228 3572.6040 269.1180 695.4702 3625.9930 263.3784 634.0239 3650.0340 246.1877 446.7108 3714.1860 223.1449 192.9679 3791.8420 336.0562 577.1887 3566.9650 260.1632 441.7396 3448.8220 215.2910 617.3663 3463.7600 188.7199 683.2474 3443.0590 126.6275 605.4665 3726.6300 112.8891 395.7562 3849.4320 139.7368 386.3401 3595.5290 148.7933 383.5595 3514.3490 269.5385 184.4815 3724.0400 320.2239 -119.1716 3801.0330 349.9883 -433.2266 3947.3730 294.0685 -505.4966 3952.9880 171.5935 195.3943 3789.3960 201.6115 -126.8241 3905.9290 245.9514 -420.8844 4057.8270 182.7393 -476.8066 4101.5630
201.1804 795.4379 3576.5010 271.7550 696.8509 3630.7140 265.5533 635.1525 3654.0430 247.0453 447.1909 3716.4200 222.9893 192.9750 3792.6790 336.2924 577.3016 3569.7560 258.1728 447.1723 3446.7660 214.7056 622.1735 3467.4080 189.1517 688.6551 3449.5410 126.5128 603.4976 3729.5360 112.1482 394.2347 3852.6140 140.1296 387.1364 3602.8350 149.5633 385.1269 3523.0310 269.3651 184.6118 3724.8200 319.6957 -118.6849 3801.8590 351.2749 -431.1111 3947.2040 297.2692 -500.0899 3959.7640 171.7223 195.9327 3793.2430 201.6571 -127.1552 3906.7700 245.1452 -419.6550 4057.1630 187.6316 -475.6601 3968.5320
201.2926 795.5587 3576.1550 272.8730 697.1354 3631.2830 266.6385 635.3883 3654.3120 248.1475 447.2955 3715.8370 224.3422 192.7036 3789.6440 336.2697 577.3143 3570.2750 258.6369 456.0901 3437.4210 207.5115 644.8818 3436.0950 165.0167 706.5688 3440.4940 127.0493 605.8766 3727.5180 110.8008 395.2745 3848.6450 146.3319 442.1875 3604.2820 200.0500 479.6441 3589.2560 271.3173 184.6989 3720.6890 319.5541 -119.1564 3802.1600 339.4788 -437.1436 3958.3170 297.9316 -497.4614 3972.1640 172.5054 195.9024 3792.3690 201.2682 -129.9671 3908.1210 247.7134 -427.2762 4055.9290 190.5195 -483.1945 3966.9510
201.4791 795.9464 3576.3710 273.2719 697.8239 3631.1670 266.8035 635.5828 3654.3490 247.9589 446.4256 3716.5270 220.9626 185.0675 3794.2660 336.3820 577.7181 3571.2070 258.6294 458.6655 3436.3010 198.4823 667.0362 3445.1360 158.2835 719.0388 3440.7750 132.1932 610.5677 3720.5150 111.5029 400.9027 3842.5390 146.4484 442.7633 3604.0640 195.8474 485.1316 3589.2520 268.2838 174.3571 3730.8030 318.3141 -117.1658 3801.4230 345.1200 -427.0068 3945.7940 299.1512 -494.0684 3968.5850 169.4518 190.9061 3794.3710 201.3383 -130.5900 3907.6530 246.6259 -426.1917 4056.2990 190.2561 -482.3086 3966.7480
205.1240 805.6170 3578.1130 274.3986 697.7837 3626.8450 267.6213 635.0614 3651.2130 247.9748 444.6744 3715.2920 220.1927 182.0867 3794.2270 336.4854 577.9909 3571.3410 257.7820 462.9838 3433.2630 202.2219 655.5812 3442.5960 161.1229 716.7029 3439.8110 131.2121 605.1061 3716.5690 110.2223 398.0719 3842.3670 145.8678 443.2061 3603.8500 200.0280 473.4854 3580.7590 268.4397 172.4437 3730.7430 318.3452 -109.7060 3796.1550 346.8847 -424.4280 3945.0140 300.4497 -491.6804 3968.1660 167.6487 187.4439 3794.4180 200.7695 -129.2521 3907.4260 245.0181 -425.5729 4056.6200 190.0110 -482.0349 3966.1830
205.1308 807.6667 3576.8820 273.8158 697.9997 3626.5750 267.1764 635.0245 3650.9480 247.2664 443.2156 3714.8850 219.4748 178.2315 3793.4170 336.7759 578.6681 3571.6580 257.3178 467.8039 3430.4120 202.6157 642.2758 3428.1330 179.8820 716.9847 3432.2020 129.9428 603.5985 3717.6060 108.4125 397.1103 3844.1120 142.2676 428.0089 3599.6730 196.6365 476.6669 3587.5740 268.3451 170.0707 3730.6530 318.8216 -111.0304 3795.6000 347.6018 -429.0337 3943.0400 306.5897 -507.1425 3952.7810 166.3438 182.5270 3792.7060 201.6093 -133.0185 3907.1190 241.1315 -409.5757 4047.9760 205.1411 -472.1836 4093.3640
205.0764 807.7859 3577.0340 274.3227 698.1381 3624.5610 267.5242 634.9383 3649.6330 247.2797 442.8199 3714.8090 219.0800 177.3822 3794.8290 336.9611 579.5326 3572.2630 256.6723 471.0496 3429.1700 201.3759 645.0933 3430.9470 179.6180 726.2639 3444.4110 128.6547 605.1693 3722.2680 105.9173 400.1656 3850.6970 142.8088 429.4285 3602.2250 203.2386 477.8711 3588.2560 267.9531 169.0052 3731.5330 319.3396 -111.1363 3795.7310 348.3011 -425.8479 3945.1150 310.4967 -474.9027 3973.6820 166.0613 182.1048 3794.9600 201.4032 -132.4648 3907.4840 246.1330 -415.8610 4052.2450 190.5790 -472.3336 3962.2110
206.6079 810.0648 3578.0300 275.0315 698.8512 3624.8320 268.1329 635.3404 3649.8110 247.7316 442.5635 3715.0720 219.5377 176.7294 3795.2270 337.4253 580.2338 3572.9220 256.9976 477.3991 3422.3370 204.4403 650.2507 3440.8920 171.2731 715.3543 3446.0280 127.2351 605.0305 3724.5920 104.1826 400.2249 3853.2660 143.2896 430.0470 3603.6550 203.8215 473.2449 3589.3300 268.4716 168.3517 3732.0950 319.5328 -112.0159 3796.5040 348.8307 -430.0075 3951.9720 284.7145 -479.1876 4002.9060 166.5107 181.5642 3795.2060 200.9942 -132.4313 3907.7550 245.9865 -416.0772 4054.1370 190.3872 -472.5406 3964.1190
220.6525 834.9628 3580.2690 276.1237 702.8447 3623.5850 268.8820 637.8896 3648.5720 247.7466 442.6071 3714.3680 218.6057 174.5819 3793.3400 337.4807 580.6225 3573.0050 255.9484 481.5026 3409.5550 200.7154 653.0188 3431.0820 158.6713 717.4389 3425.3050 126.5117 604.3355 3723.3420 103.2651 399.5962 3852.1330 130.4994 357.0913 3599.0150 139.6760 343.2786 3518.0970 268.0083 167.0017 3731.3480 317.9865 -121.0354 3797.4890 348.1083 -436.6717 3949.1890 314.4531 -506.3477 3953.1250 165.1223 178.7168 3791.7470 199.5398 -131.9059 3902.9640 245.3521 -416.7455 4052.6850 190.1833 -473.2054 3962.2870
222.9559 836.0569 3581.6160 275.6554 702.8989 3621.9540 268.6123 637.9066 3646.8570 247.8341 441.9724 3712.6830 219.1627 173.7599 3792.0090 336.7682 584.6688 3569.2180 255.6614 482.5827 3408.0000 199.7999 653.9057 3429.6030 168.4475 719.1195 3435.5870 126.5863 604.6743 3714.1930 102.9758 399.9852 3843.0680 143.5104 432.6181 3596.4760 200.1105 471.6831 3576.3800 268.9333 166.1208 3729.9700 318.4725 -119.0990 3794.8060 347.7732 -436.2334 3949.3310 302.6147 -500.4284 3971.5400 165.4109 178.0732 3790.5670 199.6370 -132.7938 3903.4400 246.9259 -418.0831 4050.0140 193.0103 -474.8027 3958.7780
224.9401 839.2507 3584.0490 276.0329 705.4699 3621.1800 269.0930 639.8489 3645.8990 248.3340 442.2063 3711.5450 220.2371 172.1929 3789.5720 336.1952 586.4848 3568.2620 254.3751 485.4362 3406.8530 199.0787 656.6371 3430.0800 167.1688 722.1313 3434.1160 125.2128 603.2547 3712.7990 101.5692 398.6786 3841.8660 135.2872 371.2417 3594.5630 146.6246 362.4543 3515.5830 269.8966 164.9348 3728.1380 318.4884 -119.1766 3794.8090 348.4315 -436.5929 3948.2590 309.3312 -507.6444 3960.4420 166.6359 176.2608 3787.5920 199.6646 -133.4773 3903.0700 245.6157 -417.0864 4049.3140 192.0256 -473.8235 3957.8180
219.7711 834.1892 3583.3240 274.0828 704.8284 3622.3180 267.6525 639.3246 3646.6530 247.6215 441.5084 3711.7290 220.0350 171.5654 3789.5060 336.3797 587.6020 3567.4910 252.9790 486.6802 3406.1970 198.2866 658.2935 3428.3700 174.7664 718.6919 3434.9930 125.2025 602.5407 3712.0980 101.5053 398.0250 3841.2880 137.5016 435.9822 3588.7260 200.6409 476.3990 3575.1560 269.8761 164.5244 3728.5710 318.4217 -119.1996 3794.9110 347.9018 -434.1443 3945.7410 293.5505 -490.6898 3854.2800 166.0933 175.0423 3786.7210 198.4624 -132.2177 3902.9490 246.4848 -422.0454 4053.9740 192.9658 -478.7637 3962.4310
220.0052 834.4501 3583.6840 276.4117 706.8396 3623.9040 269.4600 640.8088 3647.9470 248.2237 441.6107 3712.3070 220.0768 170.9384 3790.0540 336.5245 587.9005 3567.0950 251.9480 488.8973 3404.6180 197.7123 660.5084 3427.6130 181.7869 715.3549 3434.7510 123.5383 603.4827 3720.4200 99.7055 399.0487 3849.7420 140.6400 420.0030 3595.8330 202.3284 469.6228 3574.4910 269.7162 163.9780 3728.9770 318.6212 -127.4797 3801.1040 344.5745 -434.5867 3947.6000 288.4153 -490.6972 3857.3080 166.4613 174.3917 3787.5660 198.6941 -132.2641 3903.0510 248.0631 -421.6000 4053.2630 192.6971 -477.8882 3962.8920
220.3409 834.9118 3583.7160 280.6645 714.3385 3632.9460 273.0720 646.7708 3654.9540 249.8819 443.2459 3714.5400 220.3312 170.7721 3790.0500 336.6404 588.0370 3566.8070 251.1158 490.8163 3403.9860 197.0640 662.6480 3426.2170 177.9400 716.8742 3433.2590 124.1557 608.0894 3723.3480 100.2605 403.7063 3852.8070 141.8952 424.9206 3599.0110 205.8471 467.3210 3579.1700 269.8084 163.8779 3728.9380 320.9928 -123.3134 3797.6400 346.0364 -432.7685 3947.8080 288.7166 -488.3495 3858.0180 167.0185 174.2035 3787.6790 199.4173 -133.8181 3904.5850 247.5771 -423.5114 4056.8570 191.0672 -479.2444 3966.9910
225.7906 840.4981 3585.3360 280.8916 714.4505 3631.4870 273.2947 647.0088 3653.9590 250.0384 443.4359 3714.2380 220.3197 170.7526 3789.9180 336.9492 588.3440 3566.6870 250.3778 493.3150 3401.1590 195.4618 665.1091 3422.1180 177.1886 716.2611 3428.3160 123.9420 609.3562 3719.4670 101.9438 392.9876 3831.1600 143.1086 428.1121 3595.6190 199.3713 463.4383 3576.7180 269.8338 163.9331 3729.0400 322.5757 -120.6975 3791.6140 346.1814 -432.6023 3947.7260 289.7995 -488.3949 3857.2900 166.9072 174.0250 3786.7060 181.7878 -98.9500 3872.6580 243.5604 -428.2903 4049.6220 188.0168 -484.1920 3959.1130
225.2899 840.7829 3583.8920 279.7720 715.3936 3626.8740 272.3548 647.6569 3650.4980 249.4540 443.1700 3712.9940 218.9667 168.3871 3789.1570 337.3127 588.9307 3565.9770 249.3424 501.2724 3398.9420 192.6643 672.0272 3422.2640 174.7083 716.8389 3425.6450 123.6068 598.8067 3702.1100 102.8271 379.6938 3809.2830 144.4076 422.2991 3584.1460 195.8280 470.3313 3568.1610 269.6005 162.0167 3729.2320 323.1621 -120.8424 3789.3810 345.2078 -429.0913 3938.5590 293.3779 -485.8193 3845.1950 163.9084 171.1892 3784.7380 200.4771 -134.1037 3898.5080 246.3004 -423.1529 4050.4140 195.2872 -480.0101 3956.9760
224.9863 840.6793 3583.3570 280.3081 715.4034 3626.6110 272.7867 647.7080 3650.2490 249.6037 443.1540 3712.8570 218.8552 168.0879 3788.9720 337.1276 589.0248 3565.6960 249.9797 507.5098 3395.5120 190.5392 676.6348 3422.1200 176.6105 718.5817 3429.3240 123.4187 600.5525 3702.4480 102.7302 381.6293 3809.9790 144.4949 424.1343 3584.2630 196.4303 475.3767 3572.7720 269.5694 161.3358 3728.5900 323.4420 -119.9801 3788.7530 345.4464 -428.2586 3939.5460 309.7046 -481.1963 3963.1690 163.8300 171.1290 3784.8140 200.5176 -134.0019 3898.8300 245.8467 -420.5064 4046.8570 194.6181 -477.3332 3953.5420
225.7918 840.1752 3581.1320 281.1539 717.1344 3625.7700 273.4877 649.4142 3649.1400 249.7926 444.3395 3711.0820 217.8809 168.1636 3785.3610 337.1951 589.0699 3565.3570 250.8465 510.4188 3395.0740 185.5479 679.9040 3407.8580 178.3489 716.9795 3409.9860 125.4500 601.5186 3692.5540 103.3282 387.8395 3808.5920 145.0283 431.6534 3582.1420 190.9441 471.9223 3562.2420 269.3752 161.3355 3726.7330 322.9460 -119.0687 3786.7370 344.8366 -426.8398 3941.5830 308.7174 -489.2401 3954.0780 162.0582 171.6038 3779.7440 200.0617 -133.3915 3896.6740 245.7097 -420.4285 4046.4320 196.5995 -477.5088 3951.7420
221.2646 834.6948 3578.0850 278.7796 715.2325 3619.4210 271.7386 648.0728 3644.0260 249.3495 443.8590 3708.9290 217.9820 168.0623 3785.1870 336.9628 588.7217 3564.8060 245.6589 519.1154 3389.7830 181.5087 687.9959 3408.9280 187.1162 711.0176 3418.5180 125.8348 602.1159 3693.0120 102.9927 388.6120 3809.2130 144.3400 428.5467 3583.8980 196.1118 471.2655 3566.3870 269.3866 161.2561 3726.5640 322.3124 -119.0568 3786.5550 344.8857 -427.0587 3941.3630 307.6212 -492.2503 3953.3330 162.3317 171.5158 3779.6380 200.0260 -133.3202 3896.5670 242.3030 -416.5523 4042.0900 192.9408 -473.8213 3947.7550
223.7330 835.9031 3585.4660 278.7614 715.1110 3619.6390 271.7037 647.9824 3644.3260 249.2726 443.8650 3709.9090 217.9473 168.2881 3789.0550 336.9279 588.7381 3564.7990 244.3126 523.4691 3389.7940 180.3309 691.9155 3411.5500 198.8369 706.7973 3426.0840 126.0782 601.7085 3694.0810 102.5860 388.2189 3810.1890 143.3385 423.2565 3586.9460 206.7120 468.0405 3575.6200 269.3714 160.9721 3727.7780 320.5226 -118.0066 3789.2310 348.5690 -427.5311 3946.8070 309.5251 -489.2198 3968.4660 162.5414 173.2174 3788.6880 199.3718 -131.3387 3900.7330 247.2943 -423.1489 4063.4270 197.6458 -480.4440 3969.3470
223.8703 835.4517 3585.3250 279.0885 715.5013 3619.5330 272.0028 648.3611 3644.1720 249.5225 444.1424 3709.6970 218.1703 168.3705 3788.8420 336.7783 588.5832 3564.4090 242.9073 524.6659 3388.5710 180.4902 693.3660 3411.9230 197.7933 703.1597 3413.8510 126.5428 601.9994 3693.2730 102.7467 388.3492 3809.0770 143.3572 422.3602 3585.9500 199.9646 471.4164 3569.8540 269.6918 161.0463 3727.4650 320.6830 -117.8074 3789.0640 348.4325 -427.7582 3946.4050 302.4021 -494.9994 3962.1470 162.7707 173.2939 3788.3650 199.1202 -131.3739 3901.4010 244.8183 -423.7978 4060.9430 195.1772 -481.0783 3966.8630
226.9571 838.0870 3585.4840 280.1436 716.9965 3621.0180 272.8155 649.3960 3645.1650 249.8556 444.2859 3709.8750 218.5454 167.7939 3788.5900 336.7230 588.5741 3564.3800 242.6774 526.3334 3388.0740 179.6181 694.4293 3413.1880 168.2245 767.9022 3433.7540 126.3526 601.0001 3696.5880 101.9474 387.3338 3812.2440 142.2199 419.0413 3590.0480 199.1543 464.9555 3573.9480 270.0567 160.9240 3727.9220 319.8826 -120.0073 3791.6260 347.3758 -429.1356 3945.2540 302.2859 -497.1606 3965.7660 163.6087 170.9197 3785.7510 198.8073 -130.7153 3900.7180 241.6148 -419.8916 4057.1340 191.1126 -476.9796 3963.5150
227.1486 838.1543 3585.9050 280.0824 717.0395 3621.0840 272.7493 649.4524 3645.2410 249.7964 444.3234 3709.9600 218.4732 167.7369 3788.7000 336.5657 587.8329 3564.1600 242.4944 526.6646 3388.0570 179.6183 694.7778 3413.3970 169.4958 769.1116 3439.3380 126.7188 602.0220 3697.4860 102.0814 388.0484 3812.6160 142.2565 419.2426 3590.4900 200.6255 465.9501 3577.5210 269.9692 160.8110 3727.9710 320.4539 -120.3849 3791.3100 346.7022 -430.1597 3942.8470 301.6713 -497.2370 3965.4250 163.5087 170.9892 3786.0270 200.6486 -135.7298 3903.3090 242.1638 -417.3153 4054.0550 191.2131 -474.3438 3960.7060
226.7749 837.1380 3586.2060 275.7726 711.5539 3621.2670 269.4172 645.1792 3645.2400 248.5828 442.4605 3709.6400 218.4674 167.2260 3788.2810 336.6548 587.7160 3563.8840 242.4090 528.0837 3386.9010 181.2665 696.4127 3414.0830 174.4433 770.5755 3439.0580 126.3719 601.6843 3700.5440 101.4676 387.6187 3815.4680 141.5130 418.0596 3593.5730 194.0787 467.6727 3581.4260 269.8693 160.0482 3727.1930 321.3117 -120.4768 3789.7940 347.7335 -430.7242 3942.5200 302.2918 -497.3434 3964.8350 163.5367 170.7987 3785.9040 201.2152 -137.8518 3903.9490 242.3699 -418.2567 4053.4800 190.6809 -475.2249 3960.6650
227.2370 844.6642 3597.8580 278.9946 714.5938 3624.2020 271.8685 648.0163 3648.3920 249.3959 445.1713 3713.7560 217.2894 170.4339 3794.5040 336.8095 588.0515 3564.1310 242.2625 528.9786 3388.6380 182.1302 696.5365 3420.5220 177.1228 772.4695 3450.0730 126.7452 611.7240 3721.4350 102.1703 397.0512 3835.4740 142.8375 429.6874 3605.3650 203.1924 476.2831 3586.9990 267.3875 162.5554 3732.0140 320.2593 -120.0111 3794.3560 347.9271 -429.9630 3944.6300 301.2733 -497.3286 3977.7770 163.9352 175.4115 3794.4490 198.9141 -133.8791 3909.2000 241.3781 -419.8358 4059.0510 184.4479 -475.7844 3969.8280
225.6302 842.0130 3594.5920 280.4077 715.7026 3623.8770 273.1270 648.8646 3647.9270 250.5116 445.4238 3712.7180 219.0828 169.5770 3791.3430 337.0727 588.4114 3563.9840 242.0155 529.6075 3388.0020 183.5088 697.8487 3419.3900 172.9831 768.7114 3439.8390 124.8427 606.4644 3717.9250 100.3934 391.7929 3831.9550 130.5582 361.1679 3608.2420 203.6668 379.6388 3609.3220 269.2977 162.0757 3729.2010 321.1265 -118.2533 3792.1100 347.8740 -429.5880 3944.2210 302.1016 -499.0861 3968.9630 165.5280 174.1267 3790.5890 198.8948 -133.8845 3909.1780 241.6535 -419.1420 4057.3450 185.9458 -475.2719 3967.1690
226.7057 843.4563 3593.1560 280.3200 715.9936 3621.3780 273.1262 648.9700 3645.4300 250.7777 444.8445 3709.9240 219.8977 167.8868 3787.9410 337.0790 588.5500 3563.9620 241.7443 529.9436 3387.5520 182.4459 698.0935 3418.2100 172.6070 768.5923 3430.2740 120.4434 600.7463 3710.7490 102.2696 386.7615 3826.8350 146.9500 432.6246 3586.7090 200.5335 471.8187 3561.0470 270.8027 160.8764 3726.3120 321.5412 -117.0040 3789.4710 347.3484 -428.6387 3941.4840 301.9391 -494.6730 3958.7110 165.4589 171.8291 3786.3020 198.9451 -134.6891 3908.4770 242.6121 -419.1818 4057.4370 189.4690 -475.7910 3965.4950
228.8893 843.2189 3590.1140 281.1635 716.9337 3620.5570 273.8253 649.7086 3644.4720 251.1578 445.0522 3708.2930 219.7187 167.1207 3784.6050 336.6727 587.0677 3560.5040 240.9991 530.5347 3386.6580 194.7422 708.7337 3422.3540 190.2170 765.4070 3418.2310 123.6709 603.7909 3698.1330 111.8995 389.7499 3814.0080 152.2997 438.5462 3579.4610 201.0995 475.2837 3559.8590 270.7300 160.4440 3724.7110 320.2275 -123.3936 3790.0200 344.7040 -432.3271 3936.0800 303.0878 -496.2637 3945.9450 165.0896 170.7534 3780.6700 197.5541 -132.0576 3895.0640 237.8576 -411.8122 4034.6530 261.7128 -489.3085 3997.9330
228.8416 843.4437 3590.1590 276.9023 712.9740 3622.9810 270.1003 646.3580 3646.8590 248.6592 443.0601 3710.6360 218.3297 166.5260 3787.3810 336.6796 587.0230 3560.6020 240.3732 532.3209 3387.2850 194.8859 709.8860 3423.8830 186.1652 770.0793 3435.9290 125.0767 606.3373 3703.5940 107.5309 393.0654 3821.0530 150.3921 440.0083 3584.4810 211.6317 474.9145 3568.5620 268.9682 159.5778 3728.9030 318.0962 -123.0707 3793.7370 344.7391 -432.2834 3936.1070 306.6525 -504.4453 3945.6780 163.9963 170.4194 3782.5530 199.4718 -136.6418 3899.9930 237.8357 -412.2183 4037.3980 184.5829 -468.8213 3945.5230
226.8059 840.0626 3588.9730 277.6830 713.8886 3621.3000 270.5323 647.0669 3645.6710 248.5502 443.3637 3710.3560 217.5961 166.9667 3787.7660 336.6562 586.9479 3560.6050 240.3526 532.4749 3387.4570 173.3450 699.5421 3410.5700 167.3559 771.4623 3436.4640 125.5128 607.6219 3705.2800 106.4293 394.1658 3822.3250 129.1467 365.0973 3606.2870 136.8196 355.7631 3537.7300 267.9214 159.8512 3728.7810 319.4960 -120.8434 3790.7740 345.3700 -431.5873 3939.3360 308.2300 -505.2970 3946.3720 163.3726 171.2831 3783.7340 198.9424 -137.1576 3902.1990 239.9466 -412.7743 4046.1630 186.1690 -469.3097 3954.6540
225.6761 839.2503 3588.0760 275.0533 710.7656 3622.8120 268.5000 644.7136 3646.9530 247.7328 442.5959 3711.2010 217.5720 167.2283 3788.6230 336.7636 586.8974 3560.9380 240.3833 532.8929 3387.4940 174.9551 699.6891 3414.8470 170.0143 771.4701 3441.8670 126.4409 611.1153 3713.2960 104.0669 397.9258 3830.3420 145.4122 437.5256 3600.3790 200.5182 475.2238 3582.8730 267.7749 159.9028 3728.9900 319.9424 -121.0276 3790.7950 324.0212 -443.0996 3985.6820 267.5513 -499.0140 3895.6870 163.7838 171.9453 3785.7660 198.5269 -136.1871 3903.2440 242.3619 -416.2804 4047.3600 186.5431 -472.4421 3957.2930
226.7831 839.7162 3588.8630 276.5796 711.2430 3619.5970 269.6965 645.1396 3644.4730 248.2236 442.9560 3710.4020 217.9087 167.8304 3788.7890 337.5767 587.3182 3561.4610 240.3548 532.9434 3387.4280 199.0390 709.7132 3424.3050 190.3410 770.1772 3428.6460 126.7715 616.7330 3718.3580 102.5740 403.7836 3835.5700 145.4295 437.4795 3600.3790 200.6508 472.1408 3579.6490 267.7964 160.5079 3728.5670 320.1158 -120.7860 3790.6540 326.9554 -439.6358 3977.0710 269.4197 -495.4184 3887.8980 164.7912 172.8572 3786.8040 198.6276 -136.0223 3903.3150 243.0592 -416.5955 4048.4670 211.1816 -483.1543 4097.6560
226.7864 839.2526 3588.6720 278.1633 712.1665 3620.1630 270.9876 645.6193 3644.6960 249.2116 442.6475 3710.0490 219.2479 166.1508 3787.5660 337.5580 587.1053 3561.6160 240.6429 532.9600 3387.8750 198.4949 708.9651 3424.5770 189.7279 766.5573 3433.6410 128.6745 604.4587 3706.4900 102.8880 391.5277 3823.4350 145.1063 439.9042 3596.9950 196.6839 476.0473 3578.5370 269.5304 159.8187 3728.8000 320.1754 -119.0884 3788.4290 350.0369 -425.7743 3943.4000 294.7597 -502.4623 3975.2450 165.7438 168.5156 3782.0160 198.7316 -136.0739 3903.2700 242.6253 -418.6602 4048.0170 188.5289 -475.1384 3956.7710
227.4762 840.0735 3589.4980 275.3521 708.8018 3624.3850 268.7209 642.8331 3648.8040 248.0555 441.2130 3714.2780 219.3703 166.8279 3793.9980 338.3406 587.1705 3562.1550 240.8246 533.1634 3388.2490 198.0887 708.6918 3424.7480 193.9327 771.1536 3445.7200 129.3072 609.3011 3717.8050 102.9582 396.2578 3834.5410 144.5287 456.1684 3612.2790 198.4906 484.3665 3596.6630 269.2691 159.5451 3730.6530 319.6757 -119.1120 3790.8770 352.5246 -418.2899 3939.8780 298.6238 -487.3710 3982.2030 166.6552 172.0866 3797.4120 198.2115 -134.1130 3906.1490 243.7353 -418.7033 4048.3480 187.0899 -474.8031 3959.0220
230.2575 841.2756 3591.7070 276.5366 709.4424 3623.7260 269.7084 643.3745 3648.2940 248.5767 441.5686 3714.0990 219.5961 167.1885 3794.0520 338.2697 587.0106 3562.3220 240.1165 533.6168 3387.9370 195.6676 708.4776 3423.7550 189.1083 768.1019 3433.3830 129.6616 609.8820 3718.8450 102.2068 397.4522 3836.3270 145.0650 452.4774 3611.1390 195.6826 479.9452 3587.8680 269.2997 159.6955 3730.5090 319.4844 -118.6218 3791.8160 352.4485 -418.6227 3940.4190 298.3805 -483.1536 3986.8210 167.0771 172.6407 3797.4300 197.9708 -134.2833 3908.1450 245.2528 -418.9138 4052.2980 188.3093 -474.9547 3963.1820
230.3744 842.2012 3589.2730 278.9999 712.3395 3620.2010 271.6838 645.9808 3644.5740 249.1945 443.6050 3709.5580 218.0897 169.0108 3787.5000 339.8369 589.1574 3559.1920 239.9798 533.7490 3387.5790 195.7702 708.4606 3423.5100 189.3115 763.7976 3418.9110 130.7998 613.2830 3697.4010 101.6269 400.8917 3814.6600 146.0780 446.1602 3576.8700 201.7517 479.3354 3560.9520 268.7025 160.7700 3728.2920 320.2163 -120.1902 3789.0150 350.2598 -447.3757 3949.7530 334.6248 -527.3671 3927.0230 163.4485 175.0725 3780.8720 200.0293 -136.3875 3904.6480 244.7801 -417.8827 4051.2450 192.1240 -474.6039 3959.0160
232.5988 840.7834 3591.4480 280.1180 712.4870 3622.4830 272.6865 646.2185 3646.7890 249.8368 444.1163 3711.7380 218.3414 170.1196 3790.2360 340.3063 589.1086 3560.0970 240.0753 534.1290 3388.4120 179.8685 698.8990 3430.5190 177.6293 764.7525 3442.8300 130.6077 614.5977 3712.0410 100.7971 401.4117 3827.8900 145.6212 445.8229 3596.4900 203.0062 479.9316 3583.5750 268.4627 161.7316 3729.9160 319.1156 -118.3414 3789.4290 344.1681 -441.7536 3955.3160 303.3191 -502.8818 3964.3530 164.7493 176.2921 3786.7830 200.1882 -135.9411 3905.0510 245.7587 -418.9756 4052.5940 189.8619 -475.0749 3962.5520
232.1085 841.7189 3591.3510 277.0249 710.2402 3623.5960 270.2903 644.3771 3647.6100 248.9267 443.2292 3711.9750 218.3224 169.9554 3790.2090 339.9963 589.0337 3560.4310 239.8077 533.3404 3387.7680 179.9186 698.5286 3428.9170 171.8825 768.1141 3441.3490 130.5121 614.5086 3712.1320 100.9382 401.0166 3827.5460 145.9403 445.7673 3595.7370 197.9678 480.1899 3578.8100 268.3573 161.4132 3729.2060 319.4515 -119.0619 3789.9070 348.1520 -439.3401 3948.6630 306.0783 -497.4414 3961.2180 164.7530 175.8033 3787.4680 200.0973 -135.8797 3905.1150 245.9489 -419.2060 4053.2410 190.0903 -475.3469 3963.2060
232.8633 841.9964 3590.0680 275.5196 708.2782 3624.2400 269.0853 642.6326 3647.9600 248.4543 442.0386 3711.6690 218.7060 169.0540 3789.0260 340.1197 588.9710 3560.7950 240.0194 533.2893 3387.6360 193.3898 703.2670 3426.5330 181.7824 763.7082 3426.0350 129.5377 603.0443 3700.8440 100.8520 387.9360 3813.7770 126.3244 319.4326 3604.3580 161.8138 279.6937 3650.2910 269.2840 160.7014 3727.5640 320.5067 -118.2313 3786.5940 348.2291 -437.6928 3944.5720 307.0812 -495.0583 3959.0630 164.6931 174.6723 3786.6740 201.2922 -138.7432 3904.9280 245.7211 -419.2249 4052.9920 193.1823 -475.9855 3960.6970
232.2873 842.3806 3591.3600 277.4978 711.0690 3625.9080 270.7185 644.8932 3649.7660 249.4669 443.2273 3713.9050 219.4894 169.4108 3792.4790 340.3146 589.1198 3561.0220 240.6826 533.2556 3389.0610 179.6764 698.8683 3427.5150 171.7104 774.6342 3449.7800 130.8571 609.9824 3716.2670 102.7423 397.4110 3833.4010 128.7733 336.2505 3633.0460 164.1480 295.1005 3671.3130 269.2487 160.8524 3729.1700 320.0824 -120.7455 3793.6500 349.6172 -435.7937 3947.9540 299.2504 -493.7319 3982.2580 166.8652 175.3180 3793.2170 201.2210 -136.9923 3906.4960 244.7926 -420.5994 4056.6120 188.2628 -476.6037 3967.0750
233.9104 842.4061 3591.4310 279.0676 712.2335 3625.6210 271.9336 645.7443 3649.5150 249.9196 443.4217 3713.7220 219.6120 169.2953 3792.2590 340.2556 589.0024 3561.0540 240.5735 533.2969 3389.0980 178.4568 700.2969 3421.0610 170.7448 771.0691 3439.8710 131.5327 610.7737 3715.1260 104.4312 397.4851 3831.3460 131.7964 344.9611 3623.2320 194.1547 317.1851 3629.8000 269.2750 160.8490 3729.1610 319.3683 -119.3074 3793.1670 350.4205 -430.6782 3946.8870 304.3213 -494.6650 3966.6930 167.0596 174.8806 3792.3580 200.8159 -136.2255 3906.4730 244.6119 -420.8957 4056.3850 188.1810 -476.8876 3966.7470
233.8407 839.3509 3589.1200 280.5374 713.9326 3622.6440 273.2020 647.0811 3646.8400 250.6548 443.8047 3711.7260 219.9141 168.7749 3790.5500 340.2654 588.9439 3561.0740 240.7341 533.1043 3389.0090 195.4789 708.7337 3422.3540 186.3555 767.6797 3427.5440 132.7658 610.3146 3707.7620 104.9843 397.1059 3823.9850 132.2282 345.1686 3614.5330 198.5173 324.4594 3618.7230 269.6982 160.5401 3727.7940 321.1711 -120.6495 3791.2130 348.6034 -436.1204 3950.3480 303.4244 -499.6449 3967.3500 167.0410 174.1080 3790.1710 200.8501 -136.3396 3906.1250 242.3502 -413.8287 4053.9560 187.4583 -470.1768 3963.2380
234.0274 838.6719 3588.3930 283.1611 715.8749 3623.6160 275.2823 648.4736 3647.3300 251.5604 444.0522 3711.3690 220.3939 167.8406 3788.7550 340.4672 588.8058 3561.5260 240.7458 533.1622 3389.1710 172.6434 700.8948 3406.9500 167.4630 768.1491 3430.4090 128.5590 598.4845 3701.6390 103.9620 387.5701 3821.9360 132.5185 345.1879 3606.5640 199.7094 304.6763 3615.8080 270.4701 160.1372 3726.9990 320.4484 -120.5205 3791.1870 349.5244 -434.6083 3949.6190 303.4346 -497.7954 3969.5630 166.7761 172.3139 3786.6650 201.1424 -136.8371 3905.3330 241.2466 -413.4215 4053.3490 188.9954 -470.1471 3960.7630
