92.2708 741.5635 3296.3890 60.6255 612.9416 3310.7510 70.1163 543.7654 3332.4850 98.6936 332.3690 3388.5950 136.9893 44.8830 3453.7230 217.7109 523.9001 3384.4810 261.6955 305.9891 3494.9890 290.2364 122.1993 3512.6780 287.2656 63.5164 3510.9360 -43.3243 472.9836 3246.5280 -76.3648 243.9518 3287.2190 -54.1987 38.2586 3281.4020 -43.6481 -33.3393 3295.9780 189.8876 52.6962 3448.9490 149.1879 -237.3447 3608.0100 114.6259 -503.1205 3732.3890 161.1989 -560.8281 3629.8380 81.6134 37.0060 3388.4590 2.2936 -233.9618 3502.6050 -15.0584 -538.9415 3639.2840 31.4989 -593.8473 3653.4740
92.2306 741.6399 3296.0770 60.6497 612.8610 3310.5970 70.1306 543.6318 3332.3320 98.6663 332.0164 3388.4960 136.8645 44.0779 3453.9360 217.7870 524.0355 3384.3980 261.6804 306.0656 3494.8410 290.2251 122.2901 3512.6190 290.3350 52.6846 3511.7860 -43.5531 472.8273 3246.3720 -76.3678 243.3310 3287.4150 -54.3073 38.5789 3281.6050 -43.6955 -33.9976 3295.7920 189.8981 52.4344 3448.9620 149.1309 -237.5266 3608.1220 114.9149 -503.3278 3732.5080 161.4709 -561.0501 3629.9480 81.1020 34.8806 3389.6070 16.6411 -193.8004 3460.8110 -15.0744 -539.0478 3639.0870 31.4863 -593.7827 3653.5000
92.1901 741.4677 3295.8960 60.7682 612.4984 3310.1060 70.0671 543.1026 3331.5810 97.5271 330.7517 3386.6260 133.0459 41.6103 3450.1410 217.7581 523.9493 3383.8410 261.4968 305.6832 3493.8420 290.0544 121.9459 3511.8410 290.5175 53.7513 3513.1100 -43.6958 472.8633 3246.3820 -76.4145 243.4263 3287.3960 -54.3156 38.4534 3281.6130 -43.4282 -32.7407 3293.5760 186.9127 50.5243 3445.5460 148.8464 -237.4551 3608.0620 115.2841 -503.0201 3732.9570 161.6830 -560.7460 3630.2790 76.6215 31.9510 3386.0620 0.6210 -229.4576 3495.2720 -15.2084 -539.2088 3639.0360 29.4660 -593.3577 3655.9450
92.2201 741.7134 3295.9350 61.7358 611.9064 3310.4020 70.8566 542.5962 3331.8130 97.9791 330.4848 3386.8140 133.4197 41.6048 3450.4750 218.0093 524.2764 3384.1590 261.5169 305.7667 3493.8330 290.0636 122.0259 3511.8230 289.9967 52.9889 3508.8800 -43.8237 472.8191 3246.3900 -76.5365 242.9529 3287.5530 -54.3512 38.5313 3281.6200 -44.5571 -31.9075 3294.9710 187.0572 50.4468 3445.7100 148.7891 -237.5906 3608.1350 115.2104 -503.1207 3733.0430 161.6462 -560.8540 3630.3830 77.3806 32.0906 3386.7840 14.4352 -202.8775 3473.5310 -15.1692 -539.5073 3639.1320 29.7232 -593.2472 3656.3360
92.0013 741.7772 3295.3210 60.8758 612.0180 3309.4010 70.1506 542.6089 3330.9630 97.7147 330.3635 3386.4700 133.4578 41.5142 3450.4940 217.8542 524.2702 3383.6380 261.2438 305.0659 3492.1760 289.8172 121.3911 3510.5410 289.3099 58.5734 3510.0550 -44.1119 472.9605 3246.0160 -76.4497 242.4784 3287.4990 -54.5590 39.3225 3281.3820 -43.5901 -32.5680 3295.7730 187.1207 50.3773 3445.4030 170.1941 -189.7226 3567.5260 115.8325 -501.5119 3732.7640 162.2095 -559.2859 3630.0720 77.4617 31.6858 3387.3760 17.7697 -193.8022 3467.3120 -14.8234 -539.6030 3638.8700 30.3737 -593.3463 3655.8050
92.2044 741.3053 3295.1380 60.8331 612.0389 3309.3580 70.0995 542.6081 3330.9180 97.6453 330.2942 3386.4440 133.4245 41.3390 3450.6060 217.9735 523.0876 3382.4690 261.3954 304.5867 3492.1780 289.9553 120.8846 3510.3790 292.2621 50.6679 3508.2320 -44.2011 472.5233 3245.3320 -76.4741 242.2821 3287.0700 -54.3605 34.9379 3280.9100 -44.6236 -32.8935 3294.3380 187.1077 50.3023 3445.3800 150.2595 -237.9790 3607.6980 115.5881 -503.2569 3732.8830 161.8073 -561.0505 3630.1020 77.3482 31.3065 3387.8490 17.2808 -194.6078 3466.7900 -14.2058 -537.9142 3638.7620 26.0722 -598.6919 3650.9200
91.7851 740.8383 3294.5450 60.7854 611.9414 3308.8230 70.0973 542.4673 3330.3680 97.8213 330.0606 3385.9590 134.0397 41.0355 3450.3190 217.5075 524.3744 3381.5110 261.1277 304.2279 3488.3520 289.7281 120.5845 3506.8800 293.0862 46.8213 3505.3540 -44.2310 472.0900 3244.3700 -76.5384 241.5325 3286.5300 -54.6047 36.4082 3278.9210 -42.8396 -33.1539 3287.9460 187.5767 49.9071 3445.0280 150.2421 -238.2106 3607.5820 115.7513 -503.6642 3732.3670 162.0653 -561.4402 3629.6260 78.0758 31.1342 3387.6270 1.9424 -230.6962 3493.3290 -14.6464 -537.5647 3638.7150 26.1212 -598.0842 3650.8270
91.6454 740.7888 3294.2060 60.4964 611.9124 3308.6000 69.9479 542.4442 3330.1960 97.9076 330.0566 3385.8710 135.2955 41.2009 3450.3880 217.4609 524.8310 3381.4750 264.8680 302.3153 3482.6380 297.6149 119.8345 3503.7260 297.9926 45.3150 3501.1020 -44.3417 471.8528 3244.3860 -76.6379 241.6085 3286.4500 -53.8272 37.2583 3277.6320 -38.2166 -31.9989 3284.3340 188.7145 49.9004 3444.9390 172.7911 -191.3309 3565.5780 116.2932 -501.0800 3732.2310 162.5972 -558.8728 3629.4650 79.4059 31.5244 3387.8700 2.7708 -231.0627 3495.4080 -14.7112 -537.6381 3638.7920 27.6409 -595.7283 3652.8800
91.6225 740.9232 3294.2790 61.2016 612.0529 3308.7830 70.6212 542.5686 3330.2060 98.7927 330.2066 3385.3670 136.6727 41.5314 3448.9670 217.5145 524.9519 3381.4590 265.1002 302.6834 3483.0040 302.4124 97.2061 3483.6750 306.1761 40.4783 3475.5810 -44.2902 471.8583 3244.3950 -77.9856 243.0961 3287.8630 -51.0722 57.0380 3265.5020 -24.4742 -20.0246 3265.7480 190.4378 49.9477 3442.9420 148.7446 -237.5733 3605.6290 116.4438 -502.1508 3732.4890 162.7464 -559.8975 3629.6770 80.4395 32.0877 3386.9000 2.9428 -232.7405 3497.7070 -14.7705 -537.6345 3638.6620 27.9211 -595.1908 3653.1650
91.4985 741.0116 3294.2410 61.6301 611.9576 3308.5250 71.1689 542.4594 3329.6840 99.8270 330.1046 3383.6570 138.4091 41.6658 3445.3130 218.4994 524.3602 3382.0290 267.6735 303.5385 3485.5330 314.8495 105.5599 3459.4780 318.1340 64.4904 3439.7350 -44.3213 472.0263 3244.2830 -80.2284 245.0961 3287.1640 -46.5086 61.6309 3250.2440 -7.1359 -7.8228 3234.2230 193.0600 50.2578 3438.4340 149.4546 -235.0755 3603.7890 114.0948 -500.3456 3728.5110 160.4428 -558.0198 3625.6250 81.3499 32.1311 3384.0460 2.8290 -232.3673 3498.0610 -14.6712 -537.8801 3638.6370 27.7889 -595.7757 3652.9070
91.4797 740.9696 3294.0950 61.6318 611.9673 3308.5220 71.2666 542.5622 3329.4380 101.0660 331.0314 3380.9000 142.8430 44.8764 3436.5040 219.0007 524.5653 3382.3670 272.9396 307.9272 3491.1110 335.4000 117.6486 3411.3730 339.8453 95.7904 3388.4610 -44.4949 472.1122 3244.4430 -82.7430 247.2444 3285.5300 -34.1298 70.0501 3233.3370 13.1201 17.4352 3191.5360 197.7734 51.9860 3432.0450 150.4907 -230.6356 3600.3610 115.3882 -495.6183 3725.6210 161.6807 -553.1412 3622.5190 85.0832 37.1885 3372.3300 2.7949 -231.8604 3499.1420 -14.9688 -537.7774 3638.6110 25.0853 -597.6369 3652.3380
91.3156 741.1102 3293.9920 61.5870 612.1108 3307.7320 71.0669 542.8424 3328.3540 100.1118 331.7212 3379.5290 139.8278 46.1859 3435.7960 220.7390 523.8431 3383.7880 279.4998 322.6704 3512.7870 340.8176 182.1100 3385.9510 352.8528 154.4506 3347.2340 -44.1467 473.3301 3244.7760 -85.9404 253.2653 3283.1200 28.2107 81.7434 3170.4140 59.1395 46.2117 3147.4850 195.7143 52.1154 3431.1610 174.1536 -186.7609 3561.6830 114.9744 -499.0847 3730.2600 161.3405 -556.6056 3627.2140 80.7116 40.1539 3372.1030 14.1288 -199.1057 3469.4650 -14.8182 -537.5935 3638.5910 24.3465 -597.7752 3652.6350
91.3278 741.1523 3294.0110 61.2361 612.3415 3307.5900 70.3708 543.1437 3328.1460 97.4208 332.1553 3379.5560 131.2793 46.2568 3438.2940 219.5180 525.6818 3380.1770 282.7297 327.0314 3505.6020 352.6326 238.6522 3339.6670 362.8678 223.8749 3301.0020 -44.3560 473.6976 3244.9420 -87.2379 259.8467 3276.2740 28.8963 159.7486 3156.7500 76.9052 121.9794 3110.6450 187.3047 52.4687 3432.4550 149.4765 -231.7582 3600.3220 115.3582 -496.3039 3726.6170 160.9270 -554.1055 3623.2550 72.3112 39.5820 3376.0160 3.4966 -220.4312 3489.8590 -15.0318 -537.6929 3638.5730 24.2395 -598.1362 3652.1740
91.3042 741.2454 3294.1570 60.7711 613.1077 3307.4030 69.6365 544.0074 3327.8440 95.7172 333.2132 3379.1620 128.7400 47.2470 3438.1580 220.1133 524.9325 3380.3110 283.7301 326.4769 3488.3870 355.1004 301.4098 3301.8960 361.4220 298.8519 3264.9040 -44.6048 474.3905 3244.8970 -79.7555 269.9836 3254.9740 65.0005 193.3728 3128.3850 104.2738 189.5389 3076.7890 183.9688 52.1635 3432.0260 174.0328 -182.0669 3557.7840 114.6246 -497.6973 3729.6540 160.1141 -555.5311 3626.2590 70.1922 41.8706 3376.1610 3.1641 -221.6697 3491.3130 -15.1731 -538.4405 3639.8850 26.3268 -597.5353 3653.4370
90.6314 741.8640 3294.9680 60.5880 613.3761 3307.9150 69.2298 544.3501 3328.0790 93.5321 334.4074 3378.3380 122.5641 50.3942 3434.0160 219.9651 524.5274 3379.2550 285.2652 329.2280 3481.3370 344.1743 353.0594 3290.3450 353.0921 365.4164 3231.2910 -45.1529 474.6156 3244.8620 -75.5838 277.2400 3240.8810 94.2277 252.7492 3123.4680 123.6950 261.8973 3058.0940 178.4235 52.8687 3429.8980 174.0330 -181.9876 3557.4700 114.2852 -497.8132 3729.5280 159.4585 -555.6709 3625.9370 63.6323 48.0951 3369.2850 5.2359 -228.6773 3499.5890 -15.1291 -538.1925 3639.7690 30.2227 -595.2003 3652.5590
89.5058 742.5375 3296.1570 59.3324 614.2647 3309.6390 68.1475 545.5611 3329.4940 93.1642 336.7095 3379.4770 124.8886 55.5370 3435.9040 219.4657 525.3008 3377.7880 287.5406 343.2505 3463.4220 338.2220 397.9516 3213.1090 332.4777 412.6892 3205.6110 -45.8881 474.5384 3244.5820 -72.8732 285.9614 3227.8200 97.6481 298.0695 3132.8180 154.8574 322.1565 3052.2610 179.1405 59.0006 3436.6120 174.0574 -182.2042 3557.4920 114.3445 -498.2826 3730.0710 159.1996 -556.1630 3626.2850 68.3611 53.5391 3367.8300 13.7016 -187.6954 3464.0810 -14.6007 -539.2561 3640.1510 30.6927 -595.9442 3653.4250
88.1375 743.7598 3298.3020 58.9547 615.2126 3311.9260 67.8219 546.6744 3331.3920 93.2462 338.1803 3380.7550 125.9232 57.2495 3436.9470 219.0875 530.2310 3378.2110 293.7894 318.0657 3417.3880 279.1168 397.2192 3193.2710 205.0996 394.3921 3050.6610 -45.0267 474.0065 3244.5830 -60.3418 285.0971 3209.6830 113.6288 312.7314 3114.2440 181.6164 357.3126 3085.4410 179.0312 60.2404 3437.9680 174.5061 -182.4660 3557.5220 114.9440 -497.5851 3730.0820 160.1459 -555.3840 3626.4370 70.8467 55.2854 3368.3710 4.5620 -221.1232 3498.7780 -15.2653 -540.0820 3640.1660 31.3590 -595.4808 3653.8260
85.6238 743.7368 3300.6110 58.8300 615.1755 3313.8900 67.7070 546.8736 3332.7940 93.2997 338.7296 3381.2610 126.4357 58.2916 3436.9180 213.2777 534.1533 3368.0160 279.4195 288.8530 3316.1440 238.7664 435.3723 3103.6560 169.4589 439.2682 2965.4180 -45.1909 473.4535 3242.5940 -23.5429 288.7811 3185.6470 180.0801 383.7611 3146.7920 231.8512 432.2729 3104.9350 179.1642 60.8897 3438.2490 174.7930 -182.1950 3556.8090 115.2059 -497.5288 3730.0880 159.0680 -555.4970 3625.7240 71.7054 56.3196 3367.8350 3.3689 -222.0329 3498.5150 -15.7910 -540.6924 3640.7230 32.5009 -594.9811 3654.1210
83.0079 744.4910 3302.5490 58.5844 615.7589 3315.9350 67.4283 547.4815 3334.4000 93.1391 339.2484 3381.8370 126.4508 58.4957 3436.9070 209.8467 535.0808 3367.3410 308.9468 357.2737 3341.4580 237.4074 439.9209 3103.1040 238.7249 458.9888 3099.2930 -44.9418 474.6230 3240.4320 -3.9064 295.0982 3176.5700 176.6189 385.8820 3155.2460 230.2288 443.8476 3110.3320 178.9301 61.0312 3438.2670 175.2453 -183.4019 3556.9660 115.2728 -497.6100 3729.9860 160.0088 -555.4039 3626.0260 71.9665 56.5441 3367.7600 5.8664 -232.8748 3503.6640 -15.5625 -540.4325 3640.6850 32.7915 -594.8833 3653.8090
81.7458 746.0235 3305.2610 58.0283 616.4437 3318.0160 66.9328 548.1414 3336.1280 92.9599 339.7186 3382.5650 126.5220 58.5866 3436.9460 207.6791 535.7233 3367.1560 308.7224 359.4822 3337.2410 236.6689 441.1302 3100.5490 239.4080 480.1690 3088.3790 -42.7071 475.3985 3239.1310 -2.4451 295.8761 3174.6150 173.2683 384.4502 3152.7390 231.5850 468.5593 3097.3060 178.8837 61.3418 3438.8180 175.4777 -184.0363 3557.0610 115.6462 -497.8845 3730.4520 161.2674 -555.4975 3626.9140 72.2216 56.4711 3367.4340 4.8072 -230.6121 3501.5300 -15.1699 -540.6123 3640.1880 40.5714 -585.6051 3656.1120
81.0456 747.5324 3307.2440 57.8574 617.3273 3318.9360 66.7146 548.9817 3336.9020 92.7458 340.3735 3382.8800 126.4626 58.8398 3436.8220 206.5021 536.3206 3366.8020 309.0259 364.1730 3330.1130 238.9935 485.8927 3109.4790 223.8007 520.2438 3062.6690 -41.7444 475.9894 3238.0160 -1.3500 296.7147 3172.7160 198.1342 438.2080 3116.6580 215.5533 474.0041 3082.4080 178.3202 61.6708 3439.3290 175.7935 -184.1725 3556.9590 114.4512 -499.7452 3729.5330 160.5800 -557.2439 3626.2420 72.5965 56.8556 3366.1490 4.7371 -227.1337 3497.6370 -14.3151 -540.7320 3639.9370 37.3808 -590.2374 3655.4700
79.4031 749.1968 3310.5500 58.2198 618.1110 3320.0850 66.7760 549.5478 3337.8470 92.2240 340.5257 3383.4550 124.6951 58.0791 3437.0470 206.0535 536.5365 3366.7450 310.4047 366.4413 3332.6480 286.6969 475.6846 3172.6740 291.9171 528.7130 3152.8630 -41.6084 476.5333 3237.6460 -1.4416 297.5313 3171.2080 174.1212 444.9518 3101.5410 195.0471 486.2691 3067.3930 175.1095 59.7976 3439.5850 176.3172 -185.3514 3557.4170 114.5862 -499.7305 3729.7030 160.8778 -557.2051 3626.4990 71.6224 56.4415 3366.3700 5.8426 -232.8826 3501.0790 -13.5394 -540.0187 3639.3860 35.2804 -591.7420 3655.3520
77.7418 750.3217 3313.5840 58.7596 618.1723 3321.3410 66.9175 549.5312 3338.6080 91.6903 340.3089 3383.5530 121.3213 56.3641 3434.9280 205.7216 536.5193 3366.7530 309.8620 367.4886 3331.3810 287.9323 472.0832 3167.8640 212.6237 510.5274 3068.3190 -41.3692 476.4932 3238.0250 -1.2693 297.8152 3170.4390 169.7614 446.7323 3099.2230 197.5638 486.4215 3079.4610 171.8037 56.6942 3434.4740 176.5559 -185.5114 3557.2930 113.8347 -499.5534 3728.8970 160.1061 -557.0111 3625.6590 67.7036 55.1735 3366.2100 19.2117 -190.1700 3462.1330 -13.1535 -540.7547 3638.6430 44.4506 -579.5594 3658.2050
77.5200 750.2453 3314.9710 58.5007 618.5594 3321.8580 66.6643 549.9417 3339.1830 91.4848 340.6524 3383.9940 121.5084 56.6325 3435.2420 204.6984 536.8041 3366.5250 310.2401 366.6591 3332.3980 237.7317 455.7958 3131.0760 229.7177 493.3762 3102.9800 -40.6350 478.2118 3237.7780 0.2216 300.1579 3168.6810 185.3950 427.0647 3130.3210 228.6510 486.5431 3110.3790 172.3899 58.0150 3436.1730 176.9338 -186.2025 3557.6110 114.9313 -501.6965 3730.6220 161.4329 -559.0928 3627.5080 67.7786 55.1369 3366.2000 19.1548 -190.1346 3462.0400 -13.2655 -540.7112 3638.5050 37.3923 -587.6280 3657.8140
77.4243 750.8743 3315.6340 57.8819 619.0597 3322.1040 65.9366 550.4673 3339.3600 90.2422 341.2660 3383.7030 120.2049 57.2526 3434.1570 203.7774 537.0485 3366.2220 311.1355 365.6121 3331.1300 237.4213 455.3820 3131.2830 228.1549 493.3430 3103.7920 -37.0453 479.1485 3235.7930 4.2722 301.5023 3165.7220 185.3756 425.6283 3145.1600 222.4705 479.0888 3111.4380 171.1374 58.2907 3435.3530 177.0744 -186.1930 3557.6220 116.1092 -516.7591 3737.0280 163.7016 -573.8416 3634.5150 66.5945 55.9017 3364.8910 8.4220 -241.4414 3507.0200 -13.0428 -540.5934 3638.4920 32.1496 -590.9692 3659.2410
77.3254 750.8023 3315.8780 58.1566 618.9540 3321.6810 66.2032 550.4085 3339.0660 90.5442 341.2845 3383.5660 121.2963 57.4685 3434.2500 198.2942 538.5148 3354.3300 311.2085 365.3705 3331.1710 237.6792 455.2139 3131.4270 230.9639 494.3869 3106.0500 -35.4163 479.2250 3233.8020 4.1718 301.5543 3162.5550 184.1501 425.7897 3141.0520 230.7927 489.1056 3109.7150 172.2977 58.5006 3435.7600 177.1126 -186.2624 3557.5370 117.9112 -510.2348 3735.1920 163.8173 -567.6405 3631.7700 67.7309 56.0139 3364.6970 8.0542 -241.7158 3505.0630 -12.9401 -540.5015 3638.1340 45.8576 -578.7571 3657.9700
77.8157 751.2138 3316.9880 58.1764 619.0029 3321.7820 66.1752 550.4375 3339.1280 90.1720 341.2585 3383.5110 120.1267 57.1800 3433.6950 198.0909 538.6138 3354.5590 310.9495 366.4301 3331.2460 286.2836 468.3518 3166.3250 272.0128 503.4246 3150.9060 -35.8204 479.3873 3233.8960 4.0359 301.9600 3162.0800 190.3946 443.1823 3122.6140 207.6489 489.6587 3096.2310 171.5549 58.1722 3435.3660 177.3910 -186.0242 3557.1660 117.7362 -509.2289 3735.0300 163.6514 -566.6414 3631.6090 66.0723 55.6698 3363.9450 22.3190 -178.6753 3456.2850 -11.5385 -536.0199 3635.9620 32.2656 -593.9392 3649.0270
77.7558 751.2568 3317.1730 58.4931 618.9633 3321.7870 66.3298 550.3550 3339.0950 90.0005 340.7733 3383.1380 119.0342 55.3434 3432.2450 224.8781 511.8498 3357.2950 321.9888 349.2573 3332.6380 289.4242 460.2689 3175.5520 295.0434 515.5971 3148.2990 -36.8759 479.7307 3233.0780 11.4321 296.7346 3159.3380 181.7246 443.0723 3112.4500 202.3133 490.0456 3093.8360 171.3596 54.7175 3433.0860 154.1332 -234.0373 3597.1670 115.4921 -508.0282 3732.0190 158.2370 -565.9181 3626.9730 64.1808 54.6525 3362.8870 10.5777 -241.1927 3508.9760 -11.3968 -538.8646 3637.2290 33.0060 -595.4995 3651.4190
77.7972 751.2290 3317.4560 58.8404 618.9655 3322.5520 66.4451 550.2878 3339.6400 89.6142 340.5153 3383.3730 117.7135 54.6223 3432.1940 225.3406 511.3558 3357.7180 322.9222 349.0847 3332.5600 289.9313 460.6981 3176.0230 212.6295 511.3173 3071.8840 -38.5999 481.1280 3233.0280 6.2831 306.6372 3156.1710 176.0113 444.5740 3108.9970 200.8786 487.2169 3080.7340 170.3399 53.2127 3432.3970 178.6065 -188.8656 3557.7930 115.8369 -507.7406 3731.5960 158.4023 -565.6570 3626.4630 62.1267 54.5615 3363.5900 8.1373 -232.9627 3502.7030 -11.6916 -538.6806 3636.2670 38.6595 -594.9841 3653.5460
78.3335 751.5936 3318.4240 59.1925 619.0645 3322.8640 66.9212 550.3874 3340.0990 90.4439 340.5838 3384.2020 120.3722 54.8952 3434.3900 225.7572 511.0450 3357.7690 324.7214 349.8209 3329.8600 237.4966 450.8994 3111.5500 234.6039 490.1540 3096.5510 -38.2937 481.4800 3233.2050 7.2396 307.8134 3154.5610 181.1273 441.1780 3113.7430 231.4041 488.8948 3101.4290 173.4026 53.6901 3435.7450 177.6811 -189.6189 3559.3320 116.4910 -506.2576 3731.3370 158.9894 -564.2072 3626.1830 64.6894 54.7731 3365.0590 18.6399 -185.2248 3462.1450 -11.7668 -538.5019 3636.4090 34.1725 -590.0321 3655.2930
78.2445 751.8420 3318.5360 59.9194 618.9967 3322.7410 67.5613 550.3669 3339.9830 90.8485 340.6810 3384.0230 120.8620 55.3230 3434.0430 226.3758 510.5628 3357.5480 324.7553 348.5802 3337.6480 240.6004 436.2703 3183.0960 224.5325 496.7395 3134.5770 -37.4311 484.7718 3232.0650 7.0639 310.5895 3154.0430 186.1852 441.3538 3116.5860 228.2970 486.7600 3102.2500 174.1177 53.9591 3435.0880 177.5666 -188.9279 3558.0830 119.0240 -496.6986 3726.6990 161.7426 -554.6931 3621.6450 65.0972 55.4495 3364.9070 18.4824 -185.2643 3462.0220 -11.8537 -538.2295 3636.5630 31.8042 -593.7127 3652.9070
78.5147 751.6679 3318.4940 60.2260 619.1185 3322.8280 67.6710 550.4078 3340.0020 90.6709 340.6086 3383.8460 119.3503 54.7694 3432.8530 226.5586 510.4196 3357.5700 326.1524 349.9959 3325.2350 237.1818 449.4205 3163.4610 229.4087 493.3010 3104.4850 -36.3316 484.1987 3231.1860 7.0992 309.6723 3153.3700 172.4591 427.5693 3119.5840 234.4483 493.7595 3103.2570 172.7384 53.1747 3434.2180 177.8637 -188.0673 3557.7760 119.1187 -497.2943 3727.4500 162.2139 -555.2284 3622.5650 63.4603 55.1877 3363.3480 18.9236 -183.2045 3458.8190 -11.8830 -538.1485 3636.6510 31.8139 -593.6021 3653.0080
78.7452 751.7271 3318.3040 61.1312 618.9293 3321.6460 68.3080 550.0967 3338.9050 90.5702 339.8244 3382.5500 118.3699 53.2611 3431.2630 228.9214 500.7459 3345.7520 334.2099 343.3954 3323.6210 236.3883 476.1111 3121.2320 212.2757 540.8192 3056.4860 -36.4062 484.1340 3230.8220 5.8248 310.1221 3150.8290 171.5028 436.0532 3113.2030 200.7826 500.2714 3071.9740 172.3094 50.6976 3431.2490 177.5447 -187.7054 3556.9830 119.0166 -497.5958 3727.3540 158.4955 -556.0367 3620.8030 62.1014 54.3046 3362.6290 0.3161 -222.2937 3491.4210 -11.6216 -538.5426 3636.4220 31.6806 -594.0475 3653.0570
79.3145 751.6927 3317.9290 61.5379 618.4452 3320.8380 68.4742 549.5279 3338.0780 89.6686 338.6945 3381.2590 115.5208 51.3203 3429.4390 236.3868 490.9417 3339.8080 341.5868 333.4864 3324.9260 294.4989 463.8726 3162.2990 301.1987 527.7423 3134.8080 -37.4269 482.5725 3228.4490 5.9315 308.3898 3149.6570 167.6966 444.1705 3100.8290 193.9599 498.2565 3070.3450 170.8933 47.8570 3428.6030 177.6228 -187.5938 3556.9230 118.3815 -499.6061 3728.3800 155.7107 -558.3124 3620.9230 57.1498 53.1823 3361.5520 0.3443 -222.2835 3491.5030 -11.7090 -538.2650 3636.5760 31.4351 -594.2347 3652.7800
80.1655 752.2379 3318.3640 61.8215 619.1700 3320.1380 68.6299 549.9740 3337.5840 89.6212 338.7221 3381.1430 115.4304 51.1448 3429.5170 234.3657 485.9163 3333.0840 348.5642 335.0964 3312.5620 246.2962 483.2649 3124.1910 224.4904 537.4910 3064.9720 -37.4002 482.5760 3228.4630 6.3734 309.1996 3147.8200 178.5383 446.5494 3105.1080 248.4848 512.2545 3103.5110 171.1148 47.8235 3429.0700 177.5596 -187.5254 3557.1050 115.4530 -502.0149 3728.3320 151.0007 -560.9402 3620.1610 56.6064 52.6132 3361.3560 20.2533 -196.1735 3466.7450 -11.6699 -537.0917 3636.8480 30.7140 -594.3428 3652.1220
80.7132 751.9717 3317.4390 63.0919 619.3047 3319.7830 69.7901 550.1279 3337.2960 90.3512 338.8959 3381.0770 116.3283 51.5510 3429.8680 234.3592 485.8193 3332.9660 348.2823 334.9160 3309.2100 249.4923 485.7544 3121.1450 241.8644 521.4637 3080.8870 -36.0590 483.4747 3227.4140 7.9059 311.2165 3144.0540 184.4083 431.3295 3115.8550 226.5795 477.8909 3104.2070 172.0468 48.2673 3429.5900 177.4215 -187.2181 3556.4990 115.7521 -502.0900 3728.3230 151.7010 -560.9879 3620.3100 57.7464 53.1803 3361.6790 20.4226 -182.5925 3456.0500 -12.1640 -537.4972 3636.5620 29.8387 -594.9238 3651.9600
81.0808 751.9694 3316.9680 63.9250 618.9777 3319.2370 70.6363 549.8648 3336.8660 91.1810 338.7998 3380.9860 117.9105 51.8114 3430.5290 234.2457 485.8845 3332.9500 347.9204 334.7915 3309.1270 254.5442 488.3297 3120.4940 242.0127 524.6986 3085.0130 -35.1743 484.8193 3226.9820 7.6007 312.0720 3144.0740 184.4351 430.2739 3116.5800 228.5028 483.0293 3098.9630 173.6176 48.7265 3430.5730 178.2181 -184.9940 3554.3760 115.7980 -502.5859 3728.5130 151.9509 -561.4763 3620.5840 59.5786 53.3875 3362.1690 -0.2077 -225.5052 3495.3310 -12.0873 -537.6194 3637.2200 29.2800 -595.2381 3652.9270
82.0060 751.6623 3315.7850 64.4171 618.9859 3318.1210 71.0552 549.8070 3335.7750 91.3361 338.5600 3380.0290 117.8712 51.4407 3429.8540 233.7880 486.5275 3332.8950 347.3738 335.3666 3308.9650 257.5683 489.6283 3119.1590 259.6667 530.8256 3101.8800 -34.6210 484.9555 3226.5120 6.7200 311.4681 3144.5810 175.5212 424.6347 3116.0980 239.4493 500.6977 3103.6670 173.8815 48.4771 3429.8480 178.0236 -184.9884 3554.2030 116.0068 -502.4379 3728.4930 152.3983 -561.3164 3620.6590 59.2606 52.9369 3361.5260 0.0771 -223.2646 3493.4450 -11.9384 -537.9583 3637.3160 29.7973 -595.2075 3653.1910
82.8318 751.9864 3314.9040 65.7088 618.8230 3317.4250 72.0484 549.6253 3335.0850 91.6371 338.3358 3379.3900 117.5905 51.1324 3429.1290 234.6812 487.1897 3334.2600 347.0058 334.8764 3319.6070 300.4211 519.0355 3142.2820 297.4346 523.7507 3133.9060 -34.8373 485.1632 3226.1940 5.4144 311.0579 3145.1830 170.3731 430.4549 3117.4110 207.2800 500.7482 3085.4880 173.5111 47.5462 3427.8460 155.6199 -237.2156 3596.8640 116.4967 -499.5186 3726.7920 153.2459 -558.3873 3619.1050 59.1338 52.9438 3361.4460 -0.0662 -221.8689 3492.3300 -12.2872 -538.1961 3637.4100 30.4300 -594.9467 3653.0720
83.4759 751.5336 3313.8140 65.5813 618.6193 3316.8140 72.0093 549.3782 3334.6270 91.7592 337.9141 3379.2250 118.1914 50.0806 3429.5730 237.9428 484.9237 3337.3750 338.6165 325.6402 3340.0350 311.6109 471.9942 3177.4560 299.7288 520.9332 3135.4800 -35.6891 485.7279 3225.3810 4.3272 311.1664 3145.4070 165.2675 451.6537 3087.3210 188.5978 502.8165 3077.8760 174.1878 46.3121 3426.7720 179.3567 -180.8400 3546.0960 116.4497 -501.7075 3728.5310 153.7961 -560.4975 3621.0960 60.2825 51.3115 3364.8900 15.3486 -188.4486 3450.4400 -12.2812 -538.2178 3637.4350 46.4510 -576.2608 3656.4240
84.3563 751.5244 3313.3030 65.7043 618.5624 3316.3500 72.1501 549.2938 3334.1600 91.8978 337.7559 3378.8210 118.3093 49.9305 3429.3460 238.0217 485.0753 3337.5820 340.4535 326.3175 3334.1740 293.5706 457.2646 3172.4190 274.2828 504.8090 3117.7660 -34.9703 484.3383 3224.5960 6.7635 310.5480 3143.6820 181.1618 427.1001 3110.8480 225.8382 487.3056 3093.5670 174.3482 46.2702 3426.5900 179.5932 -181.0872 3546.2670 116.7535 -500.3287 3728.1460 154.4764 -559.0863 3620.8680 60.3067 51.1632 3364.5520 0.6424 -217.1760 3484.3460 -12.4083 -538.6962 3637.3290 39.1232 -584.8171 3656.6400
84.8128 751.1434 3312.7970 68.0415 616.5370 3315.2720 74.0300 547.7389 3332.9000 92.7504 337.2031 3377.1050 118.1020 50.7413 3426.2160 220.7976 510.3553 3329.5850 329.0935 356.1395 3294.1420 253.1485 445.1100 3137.6590 228.7787 456.3006 3104.7610 -34.8968 482.9581 3226.6500 8.8293 311.0614 3142.2530 183.1819 428.3555 3112.0690 229.1473 472.8730 3101.9040 174.4870 47.2533 3425.5570 178.6239 -182.7301 3547.0200 115.0510 -514.8684 3736.0340 152.3663 -573.5494 3628.5810 59.2015 51.8989 3357.2240 0.2964 -219.6511 3485.5500 -12.9140 -538.3016 3635.6810 33.5667 -588.9664 3655.0950
85.5204 750.4913 3312.9820 69.3277 617.0402 3315.7260 75.2105 548.2405 3333.2420 93.5136 337.7331 3377.1950 118.4971 51.4611 3426.2310 219.7993 513.0010 3329.7730 327.5061 358.4085 3293.8600 252.4341 445.3809 3135.7440 230.3900 452.0871 3109.7010 -34.5461 483.3241 3226.2490 8.8503 311.2935 3141.9680 183.8894 426.4672 3114.7200 236.3352 479.4202 3097.8440 174.6472 48.5012 3425.6760 178.5264 -183.0006 3547.5710 115.1121 -518.4039 3737.6540 116.7442 -602.3788 3715.7220 59.9485 52.5566 3357.3710 0.1909 -220.6214 3486.5260 -12.8512 -537.8878 3635.9450 32.9783 -589.4088 3655.0190
86.4118 750.4194 3312.8730 69.4193 617.1227 3315.6340 75.3060 548.2796 3333.1160 93.5999 337.6180 3376.8840 118.4620 51.0272 3425.6770 221.4005 507.2111 3331.9090 331.7845 353.8580 3302.7360 255.3607 441.7147 3145.8160 239.2195 470.9266 3105.5560 -32.9687 482.8360 3224.7710 9.3806 310.3664 3140.9260 204.5997 446.3030 3107.8260 240.7335 491.1819 3096.4360 174.5702 48.2732 3425.3730 178.5069 -183.0397 3547.3340 118.0821 -511.0499 3736.2250 156.7609 -569.5777 3629.3430 59.9842 52.1015 3356.8260 17.4815 -182.7597 3452.4030 -13.0048 -537.3218 3635.9930 32.2562 -589.5002 3654.8440
86.7658 750.3327 3312.1700 70.6691 616.4382 3313.5170 76.2649 547.5526 3330.7750 93.4485 336.7984 3373.6730 116.0540 50.1904 3421.0160 227.2465 495.3449 3330.4080 340.8772 344.1129 3307.1940 315.7485 494.5236 3155.1120 306.1295 521.4592 3127.2630 -33.2431 482.0426 3226.5840 8.7675 310.3723 3140.6170 160.8475 412.4651 3092.5880 201.2447 478.6461 3070.9810 173.6309 48.4159 3419.8040 178.5058 -183.2849 3547.3860 118.2124 -508.6778 3735.3040 154.9675 -567.4472 3627.6060 56.0015 50.4746 3353.1280 8.1411 -244.8905 3502.1870 -12.8832 -537.6369 3635.6480 33.6210 -589.3332 3653.9190
87.3753 750.4536 3311.5170 71.2225 616.3214 3312.8000 76.8025 547.3002 3330.0620 93.8829 336.1649 3373.0230 116.4158 48.9912 3420.6380 232.0538 483.9760 3329.1080 349.3758 335.7687 3305.2210 263.5649 434.3322 3160.6830 287.3959 490.2935 3123.8440 -33.0395 482.4874 3223.9920 8.4489 309.8490 3140.0420 185.1021 433.4541 3101.7840 208.5921 475.3816 3079.2170 174.2212 46.6392 3419.0370 153.3283 -237.3671 3588.7940 118.6576 -504.3879 3733.1090 155.0528 -563.2403 3625.2690 56.1883 49.8597 3353.1420 5.1364 -237.3780 3496.6290 -13.6150 -537.8899 3635.2280 32.3309 -589.9240 3653.6290
88.0866 750.1419 3310.0260 71.7407 616.5020 3312.9330 77.2749 547.4463 3330.1480 94.1935 336.2503 3373.0250 116.6126 49.0620 3420.6470 232.4795 483.4265 3329.3760 351.4979 337.2468 3297.7260 260.7594 437.2691 3157.5190 258.4492 498.0754 3078.4110 -32.3903 483.9173 3223.4780 8.9645 311.1218 3139.8200 196.1125 442.5032 3097.3620 250.1025 489.6182 3080.3780 174.4370 46.6015 3419.3070 181.4559 -185.5349 3550.0080 118.6192 -503.9290 3732.8020 155.2470 -562.7622 3625.0460 56.5555 50.1833 3352.9360 17.1876 -192.8964 3456.3070 -13.2360 -538.0582 3635.5450 32.2664 -590.6752 3653.6960
88.4492 749.9673 3310.1330 72.9041 616.0394 3313.1120 78.4678 547.1356 3330.3270 95.4896 336.4415 3373.2660 118.5004 50.3472 3421.3040 224.4274 516.0180 3334.3890 331.2944 360.9365 3297.7240 256.8501 440.9329 3135.4020 233.7403 455.8692 3085.6210 -30.5280 483.7784 3222.6170 11.7658 312.4027 3136.0970 196.8652 440.3674 3097.9730 241.5633 471.2971 3078.5760 175.6128 48.3229 3421.4120 181.2934 -185.7202 3550.3760 118.6493 -503.9918 3732.8560 158.7424 -562.3904 3626.5710 59.8453 51.5345 3352.5110 16.8923 -191.8077 3456.3090 -12.8718 -538.3109 3635.8310 30.8395 -591.6358 3654.7320
89.9644 750.4065 3310.3140 72.8965 616.9478 3312.6950 78.5749 548.0519 3329.9240 95.9267 337.4894 3372.9190 119.4837 51.6868 3421.1740 218.2088 524.7330 3335.5150 328.7643 371.8653 3293.7440 259.8642 442.2530 3124.2760 243.2888 464.0782 3081.5600 -29.6454 484.1121 3222.4160 11.8885 312.6158 3135.7360 200.0087 441.6346 3094.1270 248.3369 483.0712 3075.2430 175.8466 49.5270 3421.5680 180.6026 -185.5963 3549.8050 118.9989 -503.5859 3732.2750 160.5399 -561.7869 3626.6520 61.6838 53.0199 3352.1110 17.2729 -191.8971 3456.7270 -12.9006 -538.1452 3635.7460 31.4639 -591.4707 3654.0850
92.3844 750.2546 3309.1710 72.5343 616.9693 3311.2390 78.3679 548.1033 3328.7160 96.0014 337.6098 3372.3210 119.7215 51.8503 3421.0430 218.0289 524.8544 3335.3490 332.4523 371.1378 3294.1770 290.3128 458.0508 3123.8020 287.4379 503.6721 3098.9210 -28.1110 485.2133 3221.3450 11.4278 313.0838 3135.0270 176.7926 425.5923 3088.1480 246.6412 497.0431 3068.0810 175.8486 49.5343 3421.5730 180.2612 -185.7508 3549.8240 119.0069 -503.2175 3732.2640 161.0331 -561.3717 3626.8830 62.3163 53.4533 3351.7180 6.1745 -242.4801 3497.5730 -12.7668 -537.2037 3635.2730 30.8938 -591.1875 3653.4680
92.2433 750.4346 3308.9430 72.7303 616.8424 3310.2480 78.6525 547.9966 3327.9060 96.4866 337.5643 3371.9430 120.7615 51.8728 3421.2090 233.2431 504.2794 3337.1420 348.1475 354.2123 3310.7730 306.7587 455.0103 3141.8790 313.4181 513.4570 3114.7650 -29.7598 483.0672 3224.3350 11.5111 312.8901 3134.5050 172.5298 430.2041 3076.6750 201.8173 481.3600 3049.0960 178.3370 50.8771 3419.4530 180.4392 -185.2919 3549.4040 118.8257 -500.8575 3730.8650 158.0134 -559.4271 3624.2030 63.2971 52.1588 3354.5250 3.4311 -240.7038 3496.6370 -12.5682 -537.4054 3635.0330 31.3562 -590.5828 3653.9160
92.5295 750.0826 3308.6780 73.5333 616.6805 3310.2370 79.4952 547.7962 3327.9730 97.4897 337.2453 3372.3570 122.0802 51.3000 3422.5470 237.6105 496.7644 3335.9020 343.6171 340.0300 3327.4510 306.7677 453.3146 3143.2990 310.0745 521.7372 3103.6670 -29.5250 483.8634 3223.9030 12.0688 314.9252 3131.5340 173.8822 437.8457 3070.3590 206.1262 485.5070 3054.4120 179.2238 49.8455 3420.1550 180.1342 -185.0700 3549.0770 119.6862 -494.0162 3726.6870 157.9787 -552.7741 3619.6550 64.5783 52.1267 3356.7790 2.7841 -239.9767 3497.0140 -12.3307 -537.5900 3634.8140 30.2875 -592.1161 3653.2500
93.5637 750.6362 3308.6120 73.9310 616.6227 3310.4130 79.9760 547.6945 3328.2430 98.2813 336.9719 3373.0950 123.3379 50.6822 3424.4230 238.0396 496.0672 3336.0440 347.5559 342.2583 3306.1200 294.0647 450.9371 3129.8980 262.3439 509.3129 3051.2060 -28.7221 484.8724 3223.0870 13.1948 315.6254 3131.5460 169.7726 418.7622 3090.1730 250.7676 494.4938 3063.3370 180.2776 49.1115 3421.8840 180.1652 -184.9874 3549.1190 119.3769 -495.2022 3727.2610 157.9458 -553.9392 3620.3650 65.4904 51.6019 3358.6810 19.9699 -191.9090 3454.3620 -12.2567 -538.3518 3636.0970 29.7202 -593.8938 3653.8620
94.0875 750.3345 3307.4520 73.9390 616.8975 3310.2360 80.0819 548.0444 3328.0630 98.8767 337.7514 3372.9220 125.0633 52.4596 3424.3850 223.2439 526.7853 3345.0070 334.9745 358.3704 3306.4720 285.8624 448.6144 3119.3280 249.6869 489.5802 3048.5230 -27.2868 486.4838 3221.2370 14.6059 317.1454 3129.8650 188.6140 418.8833 3092.6010 231.8378 459.9422 3072.7400 180.7768 50.3209 3421.9760 179.7692 -184.3678 3547.9860 119.2941 -495.6788 3727.3580 163.4900 -553.6225 3623.0660 68.4030 53.7805 3358.4870 19.8767 -191.7447 3454.0170 -12.6377 -537.8204 3635.6430 29.1709 -592.8059 3654.2080
94.1081 750.3000 3307.5270 74.0489 617.0415 3310.1000 80.3107 548.2585 3327.9410 99.7208 338.3299 3372.9580 127.0654 53.7442 3424.9290 222.9759 527.4796 3345.2280 335.8296 365.9139 3295.1970 286.7862 448.7161 3120.7840 256.4573 492.4552 3066.9330 -26.6527 486.8819 3220.6990 14.7202 317.1496 3129.9020 188.7379 418.9868 3092.8700 245.8198 486.1242 3071.4220 181.8495 51.8877 3423.4210 179.5332 -183.5911 3547.0910 119.2385 -495.8341 3727.2950 163.7750 -553.7217 3623.1710 71.2765 54.8228 3358.1350 19.7328 -191.6068 3453.9110 -12.3961 -536.9435 3634.8510 28.3125 -592.2511 3653.9220
94.7727 750.1127 3307.7330 74.3045 617.0908 3309.7380 80.5643 548.2906 3327.6350 99.8968 338.3107 3372.8110 127.1015 53.6836 3424.8940 222.8166 527.8955 3345.2840 335.6697 367.7469 3293.2490 290.4177 452.5048 3122.5300 284.5115 502.7640 3100.9710 -28.5597 483.5609 3225.7070 14.8181 316.8913 3129.5850 189.9020 427.8781 3086.5680 257.3803 508.5181 3073.8550 181.8463 51.7456 3423.2220 179.1692 -183.1324 3546.4500 119.2324 -495.8228 3727.2720 162.2019 -553.9491 3622.3750 71.2872 54.7771 3358.1790 19.8229 -190.1213 3452.4020 -11.6764 -538.1379 3634.4480 41.7696 -581.9807 3653.9980
95.6063 749.3904 3306.6300 74.7269 616.7424 3309.3350 80.8035 547.8698 3327.1890 99.3703 337.3319 3371.9580 123.3873 50.7119 3422.6250 239.0538 499.7992 3343.0970 349.1006 350.5931 3289.1580 295.6922 452.4160 3131.3050 303.3076 515.5044 3116.8600 -29.3231 482.4283 3227.4080 15.1100 316.6541 3130.0740 176.4945 434.7198 3072.8050 203.2017 484.4888 3050.6820 179.1820 49.1793 3418.9440 179.2466 -183.5653 3546.6070 119.1038 -496.6662 3727.6710 158.3614 -555.2939 3621.0630 64.9133 50.5525 3357.7490 9.0098 -222.4180 3493.4090 -11.8449 -537.0230 3634.4490 35.9413 -587.0239 3653.3730
95.7356 749.4490 3306.6150 74.7842 616.6650 3309.2840 80.8378 547.8300 3327.1320 99.3394 337.3922 3371.8450 123.1875 51.2756 3422.3250 239.4859 498.8786 3343.1590 349.9861 350.1134 3288.8750 295.3877 453.3152 3132.4100 278.8945 505.6013 3105.3800 -28.9680 482.7504 3225.3000 15.6836 315.8793 3130.2780 170.2411 421.5877 3081.1250 209.7995 479.0716 3057.4510 178.5768 50.9517 3417.7920 179.6048 -183.1226 3546.3350 119.1213 -496.4337 3728.1220 158.9603 -554.9853 3621.7650 64.8988 50.6313 3357.7810 17.9763 -189.4392 3450.4640 -11.8622 -537.0664 3634.7560 33.0194 -589.0129 3654.1730
95.6910 749.4645 3306.5080 75.1895 616.4125 3309.3710 81.2524 547.6844 3327.2060 99.8493 337.5742 3371.9330 124.3809 52.5075 3422.6200 240.1986 497.8990 3343.2940 347.3220 343.3536 3305.1440 216.7646 446.9883 3104.0020 236.0520 480.7138 3079.5370 -28.4889 483.9856 3224.5870 15.4519 316.2759 3130.8930 176.9174 417.3237 3090.3840 243.5454 484.8640 3069.7770 179.8303 52.2614 3418.0920 179.7006 -183.7054 3546.5290 119.3614 -496.8221 3728.9390 159.3722 -555.3471 3622.6580 66.1499 51.8158 3358.2680 18.2886 -189.8694 3451.2810 -12.0507 -537.8071 3635.5870 33.0594 -590.1632 3654.3520
95.8083 749.3533 3306.3710 75.5148 616.3814 3309.0830 81.6404 547.6820 3326.9540 100.4208 337.6943 3371.8340 125.5224 52.8981 3422.9090 240.5660 497.4248 3343.0740 349.7483 348.5583 3285.5730 229.9297 448.8465 3088.3690 240.3173 485.1888 3066.2720 -27.3485 484.7540 3223.6040 15.5005 316.2715 3130.9310 182.8086 423.1134 3093.5280 235.2376 468.8872 3076.4570 181.4138 53.3138 3418.9860 179.9752 -183.5580 3546.4970 117.1147 -497.3026 3728.3640 157.4312 -555.7887 3622.2150 67.1250 51.7742 3358.2820 18.6920 -190.0285 3451.9010 -11.6236 -538.5190 3637.2460 33.6067 -591.2101 3655.5230
95.8506 749.2918 3306.3720 75.8842 616.3976 3309.0090 82.0893 547.7351 3326.8680 101.0719 337.9092 3371.7460 126.5265 53.3902 3422.8730 240.8963 497.0276 3343.0600 352.9470 352.2962 3279.4330 233.5355 450.4899 3083.4570 245.8936 490.0849 3065.3280 -26.5747 485.4976 3222.9060 15.4123 316.5256 3130.8030 201.7434 444.3656 3083.4910 245.7446 489.6846 3064.2010 182.4192 54.3047 3419.0780 180.3492 -183.2968 3546.2630 115.8176 -497.6736 3727.2470 156.3769 -556.1198 3621.1980 68.2140 51.8207 3358.1960 10.1304 -226.6249 3489.5040 -10.9574 -539.9609 3636.7340 34.9871 -591.0584 3656.1130
95.9925 749.5961 3305.9700 75.9469 616.4081 3308.8480 82.1217 547.7623 3326.6290 100.8749 338.0380 3371.1530 125.6723 53.7176 3421.5460 241.0907 493.8735 3342.3950 356.3135 348.7853 3288.3760 299.1456 465.9545 3143.9000 286.9593 517.5147 3105.7680 -26.5416 485.6840 3221.7370 15.2942 316.2096 3130.6350 180.9680 431.5909 3079.9410 222.7939 501.9642 3049.0420 181.3897 54.4446 3417.0300 180.6854 -183.3635 3546.0800 116.7441 -498.3814 3728.5170 157.3769 -556.7985 3622.4940 67.5233 52.1913 3357.4860 9.9074 -226.8911 3489.5050 -11.1963 -539.9663 3636.7100 34.2701 -591.4906 3656.0490
95.8948 749.5526 3305.8890 76.2342 616.3373 3308.6260 82.3658 547.8722 3326.4070 101.1118 339.3445 3370.7280 125.5728 58.9898 3420.9400 241.7878 492.2148 3340.9210 358.4345 346.2980 3295.2810 305.7989 460.9960 3146.9070 303.3833 520.6046 3115.3960 -26.8693 485.8472 3221.5040 15.6171 316.4870 3130.5070 180.3362 452.4757 3069.1310 208.9482 496.8251 3049.2790 180.5058 62.4236 3411.6860 181.1269 -183.1605 3545.6390 117.0136 -498.3503 3728.8540 157.1417 -556.8370 3622.6050 67.9585 56.7819 3360.4280 9.8789 -225.2585 3487.8180 -11.1737 -540.1585 3636.3140 34.4836 -590.9840 3656.2300
96.1362 749.6945 3305.6830 75.7188 616.4448 3307.7200 82.0179 547.9225 3325.6140 101.0904 339.2162 3370.2630 126.1272 58.0405 3420.5550 240.8829 491.2019 3338.8590 355.5244 341.9930 3302.9940 305.6549 454.2353 3150.3830 274.4049 519.9736 3080.7710 -26.3469 485.8311 3220.9940 27.5782 317.3285 3126.3390 185.1502 448.0160 3071.8810 221.2678 494.6449 3049.0180 181.3356 60.9648 3410.5480 181.2694 -183.1002 3545.6670 117.8237 -496.4393 3728.7320 157.6718 -554.9787 3622.3590 68.5132 55.5071 3360.8020 11.8647 -232.5087 3493.6380 -11.0403 -540.2792 3636.6690 32.4765 -593.4652 3655.8390
96.2975 749.9354 3305.8100 75.4304 616.4964 3307.9260 81.8679 547.9593 3325.7600 101.1302 339.2094 3370.3660 126.9065 57.5901 3420.9550 240.8503 491.1543 3338.9640 355.4541 341.5985 3305.5960 270.2921 476.5181 3136.4370 243.5159 507.6342 3074.3700 -24.8827 486.1987 3220.6840 32.4470 316.6330 3126.4880 195.2050 452.5364 3076.0530 250.0636 503.5312 3061.9700 182.5748 60.7779 3412.2200 181.9594 -182.1702 3545.4390 119.3394 -495.4817 3727.3930 159.4779 -553.9817 3621.1500 69.3477 54.3109 3360.6720 11.1943 -232.8831 3494.9630 -10.6443 -540.5751 3637.4150 32.8205 -593.2193 3657.2210
96.0380 749.7341 3305.6940 75.3667 616.3777 3308.0660 81.8454 547.8931 3325.8240 101.1606 339.1825 3370.3550 127.1855 57.4243 3420.7410 240.9791 491.0935 3339.1610 357.1402 348.4257 3279.5270 257.5498 498.8455 3091.5510 258.9402 523.8063 3044.4220 -24.8336 486.2713 3220.4370 33.8573 316.4169 3126.5440 196.3701 441.6062 3089.5000 254.1403 502.4474 3055.1860 182.6467 60.7380 3412.2490 182.2940 -182.1322 3545.4960 120.6072 -494.7695 3727.8830 160.8573 -553.2507 3621.6860 69.9078 53.7612 3360.0050 11.1412 -232.6461 3495.7800 -10.2366 -540.6205 3637.1160 42.6697 -584.3114 3657.3140
95.5535 749.5018 3306.1080 75.1490 616.2519 3308.4570 81.7164 547.8120 3326.0350 101.1549 339.1600 3370.3530 127.3436 57.1825 3420.3750 241.0869 491.1525 3339.5000 357.6998 349.0008 3279.4350 290.3139 463.7347 3137.5050 269.8234 497.3049 3076.7760 -24.0833 485.4524 3220.5480 34.4804 316.2129 3127.0880 185.7588 431.2097 3087.7200 265.3310 515.1142 3054.6650 182.6960 60.5770 3412.2600 182.6576 -181.9853 3545.5520 120.6198 -509.6130 3733.5560 161.0494 -567.9342 3627.4380 70.1553 53.3167 3359.0030 10.4170 -233.8591 3496.0380 -10.1831 -539.5539 3637.6040 41.2376 -586.4637 3656.2030
95.2267 749.3383 3306.5490 75.1982 615.7615 3309.2100 81.7608 547.4346 3326.4850 101.2085 338.9352 3370.3360 127.5071 56.5553 3419.5860 241.3739 491.1429 3339.9460 359.5247 348.1669 3287.1670 293.3511 462.6575 3144.4230 295.9314 491.9616 3116.1200 -24.0691 485.6621 3220.5890 37.8533 313.4864 3126.4350 180.3726 428.9297 3080.4290 233.5684 500.4232 3044.6410 183.0197 59.5017 3411.9360 183.2566 -182.3007 3545.3900 115.3495 -504.6878 3727.9600 155.9300 -563.0034 3621.8600 70.0616 52.9509 3357.7980 12.1255 -237.3431 3496.9420 -10.2341 -539.6458 3637.6390 44.2638 -584.6022 3654.9900
95.2434 749.2694 3306.5440 75.1659 615.7200 3309.2450 81.6802 547.3178 3326.4800 100.7498 338.1248 3369.7610 125.9282 53.5155 3417.2470 240.2311 487.4027 3336.1950 363.2156 347.2782 3289.0160 295.6597 471.4479 3156.0450 300.1154 498.4524 3131.5240 -24.1270 484.7359 3219.7620 38.1709 313.2109 3126.6640 189.0741 433.4475 3073.3700 232.1893 511.5962 3053.7380 182.0728 55.6580 3408.4280 183.7015 -182.7843 3545.4740 116.4211 -503.9240 3728.6830 156.2976 -562.3114 3622.2440 67.7351 50.3492 3356.6590 11.8927 -236.5820 3496.1140 -9.7149 -539.3413 3637.2590 33.6761 -595.2337 3653.3560
95.0804 749.1124 3307.2190 75.6243 615.6885 3310.8350 81.9669 547.2278 3327.4550 100.7900 338.0489 3369.8100 125.9052 53.2272 3416.7160 240.3817 487.3541 3336.4460 363.1939 346.0500 3294.1710 297.2002 468.1499 3158.3180 284.8452 504.7575 3108.9850 -24.3650 484.8470 3220.3780 38.4643 313.4484 3126.5020 189.4505 433.6812 3075.0260 244.6010 509.8206 3068.3380 182.0171 55.3642 3408.2080 184.2164 -182.9301 3545.3380 119.3005 -517.3650 3737.2900 159.0380 -575.6353 3630.7850 67.7042 50.1277 3355.9490 11.8042 -236.5402 3495.6700 -9.6680 -539.2919 3637.2260 33.0333 -595.1586 3653.9620
95.0960 749.0963 3307.3080 75.8639 615.5947 3311.8890 82.3002 547.1475 3328.3050 101.3873 338.0060 3370.1230 127.4678 53.3621 3416.5540 240.6045 487.5923 3336.9430 365.4329 351.0817 3282.3580 286.1342 454.6594 3137.6810 250.0733 489.6612 3078.6090 -24.1877 484.9567 3220.1290 39.8618 316.0691 3123.8400 201.8381 446.8302 3081.6310 251.9507 498.1871 3071.3880 183.1496 55.5628 3408.6130 184.3829 -182.9125 3545.1020 118.9745 -508.9821 3733.4130 158.9579 -567.2626 3626.9820 69.7437 50.1574 3355.2710 13.2637 -241.2941 3500.6730 -9.5359 -539.3437 3637.0350 33.6908 -595.0701 3653.4880
94.5794 749.1577 3308.9350 75.9560 615.7825 3313.9040 82.4995 547.2717 3330.1030 101.8331 337.9910 3371.1060 128.1337 53.3113 3417.0590 240.8820 488.3019 3338.0600 365.1265 351.6647 3282.0530 269.8680 476.1336 3111.0660 249.4469 499.0151 3070.0120 -22.8661 483.5555 3219.9560 40.6452 317.0332 3123.3730 193.7105 423.7965 3106.2340 244.7168 490.9480 3077.3260 183.6237 55.6459 3408.9490 164.0197 -226.7112 3580.9470 119.3829 -507.5797 3733.5310 159.9195 -565.7742 3627.3250 70.6062 49.8975 3356.2130 12.4049 -239.6720 3499.0770 -9.3496 -539.5470 3637.1360 32.6824 -595.3618 3654.5000
94.5194 748.9898 3309.0930 75.8392 615.8943 3314.2690 82.4001 547.5763 3330.4030 101.8267 339.7097 3371.0590 128.4773 59.9516 3415.3910 240.9874 488.7661 3338.3980 364.8604 351.9073 3281.9760 269.6289 476.6202 3107.5370 267.1123 519.9226 3070.2120 -22.0069 482.9977 3219.5630 40.6436 317.0018 3123.6120 191.3972 426.4402 3099.9430 261.1001 512.4574 3072.1710 182.7283 61.6454 3405.6250 189.7482 -175.6562 3536.3630 119.4716 -507.2156 3733.4090 160.3600 -565.3408 3627.3360 72.0878 57.7107 3356.4970 12.3369 -239.5373 3499.2750 -9.3430 -539.1497 3636.6000 31.1632 -595.2703 3654.8450
94.4786 749.0516 3310.0840 75.7962 615.8248 3314.1570 82.3160 547.4972 3330.2730 101.5329 339.4958 3370.7510 127.4848 58.9614 3414.8740 241.0949 488.9396 3338.4340 365.5873 349.0575 3296.6470 302.8821 460.2927 3149.5420 295.6057 522.5927 3114.9900 -21.6044 483.0186 3219.5340 30.6743 317.3692 3126.6230 181.2236 424.3515 3087.7860 227.8982 506.0707 3055.1830 181.7581 60.8305 3405.9150 189.1333 -177.0133 3536.3630 119.1432 -503.7941 3730.7400 160.0929 -561.9394 3624.6870 70.7203 56.0769 3354.7930 11.7525 -238.5070 3498.5470 -8.9881 -539.0726 3635.7960 31.6801 -595.1950 3653.9110
94.3373 749.1459 3310.6210 74.1647 616.1534 3313.4020 81.1356 547.5684 3329.8260 101.1207 339.0465 3370.7520 127.7434 55.8398 3416.2060 241.4773 487.0760 3339.9460 366.9484 348.4733 3296.2930 310.9927 513.3223 3121.2360 321.9893 550.3775 3114.2910 -21.5050 482.9574 3219.5200 36.1984 319.6214 3124.9380 180.1401 433.9319 3081.1190 215.0811 494.1584 3062.9690 181.9343 58.6787 3407.4280 189.1198 -177.1132 3536.4680 119.5830 -503.4517 3731.4540 160.8901 -561.5698 3625.5740 71.0683 51.6029 3356.2010 33.1698 -185.7262 3456.3380 -9.0756 -540.8188 3636.6840 32.9127 -595.2424 3655.7220
94.1880 749.0500 3311.4800 74.1092 616.1867 3313.4280 81.0657 547.5851 3329.8300 100.9879 338.9218 3370.6290 127.4765 55.2040 3415.7120 242.0920 486.9734 3340.8150 368.3353 350.8823 3289.5760 297.2172 519.4151 3104.4290 296.7643 553.9592 3080.6870 -21.2207 483.1037 3219.8730 37.6231 317.8675 3124.5070 184.4874 431.9576 3088.3050 240.8840 506.5517 3075.4110 181.9410 57.9060 3407.5450 188.6537 -177.9700 3537.4140 119.4115 -501.2294 3730.7650 160.8316 -559.3489 3624.9230 70.2604 50.9888 3354.6880 17.0547 -242.2581 3505.4870 -8.5350 -540.7377 3636.6550 32.5407 -595.3422 3656.2170
93.8969 748.7415 3312.2090 74.0185 616.1786 3313.5860 81.0200 547.6288 3330.0010 101.2255 339.1605 3370.9590 128.8631 56.2505 3416.7140 227.4822 509.9530 3337.6260 350.6068 369.1816 3293.2900 287.2359 452.5539 3127.8990 252.4136 492.4507 3080.0190 -21.1881 483.1351 3219.9210 39.1110 318.7008 3123.4020 190.9913 425.2581 3091.1330 255.7219 497.6528 3072.3730 183.5281 60.0560 3409.9760 188.2248 -178.9813 3538.6380 119.2299 -500.7513 3730.2190 161.8882 -558.7027 3624.9620 71.6687 51.4806 3355.0550 17.1230 -241.9270 3505.3250 -8.6111 -540.8360 3636.7500 31.8518 -595.1142 3657.1490
93.8420 749.1145 3312.7790 74.0190 616.1722 3313.7070 81.0459 547.7485 3330.2390 101.5958 340.1842 3371.8750 130.1190 59.9109 3419.3990 219.9096 521.1799 3337.4740 341.9235 380.0501 3289.8680 286.4180 457.2108 3118.4480 253.9165 488.4079 3071.8780 -20.5071 484.5298 3221.3860 39.6664 318.2032 3123.3430 194.3130 421.0207 3092.4820 253.9352 489.7850 3070.9300 183.5184 65.6748 3413.9470 187.5275 -180.5687 3540.8820 119.5760 -500.7198 3730.9690 163.0041 -558.5884 3626.1120 73.8802 53.7711 3357.0050 27.9451 -183.8690 3460.2480 -8.7931 -540.4297 3637.1350 31.6652 -595.1958 3656.9960
94.5806 749.3753 3312.9520 73.9742 616.2490 3313.8380 81.0397 547.9035 3330.3970 101.8522 340.5671 3372.0790 130.8131 60.4973 3419.5540 218.4266 525.4812 3340.2880 343.1467 379.6819 3291.2960 297.4845 472.2457 3121.1890 265.7463 506.1796 3076.0130 -20.3678 484.3635 3221.3730 39.6106 317.9451 3123.6580 193.4918 421.4426 3090.5230 262.3150 513.0966 3068.2710 183.8178 66.5522 3414.6880 187.3598 -180.6298 3541.1440 119.7224 -500.7083 3730.9270 164.2527 -558.4089 3626.6170 75.4277 54.1579 3356.5020 15.6880 -240.2685 3503.7650 -8.8264 -539.8534 3637.2680 31.5169 -595.1568 3656.6090
94.5686 749.3782 3313.0500 74.0574 616.4030 3313.9870 81.0924 548.0922 3330.5390 101.8371 340.7192 3372.1430 130.6538 60.5659 3419.5280 218.4839 525.5376 3340.3310 346.4212 379.2532 3310.3210 311.5089 457.0778 3133.6920 303.7850 515.2975 3112.6690 -20.4029 484.4220 3221.3670 39.8732 317.3571 3124.0450 190.0675 428.2222 3089.2950 218.4613 495.6527 3065.6680 183.6439 66.5316 3414.5500 187.4920 -180.3391 3541.0750 120.0522 -500.3350 3731.5850 164.5807 -558.0386 3627.2750 75.2123 54.2798 3356.5710 15.5098 -239.7004 3504.6100 -8.8994 -539.4080 3637.5870 30.8402 -595.9585 3655.9330
94.5616 749.6074 3313.1270 74.3223 616.7570 3314.7950 81.2355 548.3970 3331.1620 101.7949 340.7883 3372.3050 130.2427 60.3612 3419.4290 218.7165 525.3164 3340.3720 344.7413 371.7919 3320.0850 312.4147 455.5782 3145.9260 310.5656 535.8353 3112.8380 -20.4028 484.4281 3221.3650 39.8009 317.0756 3124.9800 213.9827 445.1499 3084.3770 240.8055 490.8065 3083.5360 183.3757 66.2034 3414.1400 187.6152 -180.1660 3541.6230 120.0889 -500.5867 3731.7880 164.5938 -558.2839 3627.4580 74.3930 54.0036 3356.7720 14.5772 -239.7595 3505.1720 -8.6150 -539.6296 3637.6520 30.9777 -595.4271 3656.9950
94.7711 749.6974 3313.1320 74.4264 616.9979 3315.0740 81.4351 548.7780 3331.6630 102.4421 341.4845 3373.6420 131.5067 61.1371 3422.0630 218.1261 525.6383 3339.4850 346.8265 368.7122 3320.1750 307.5199 454.9072 3148.8190 271.3310 502.1957 3084.8900 -20.2099 484.4639 3221.4850 40.4780 318.1051 3124.3090 197.6112 417.6432 3097.5510 265.2538 515.4454 3078.7940 184.8504 67.8362 3417.6320 187.6796 -179.8911 3541.8370 119.9496 -499.9906 3731.0190 164.2792 -557.7433 3626.6210 75.4746 53.9792 3358.6860 13.8407 -240.0721 3506.1430 -8.7660 -539.4501 3637.5640 31.1554 -595.0479 3656.8920
94.8284 749.8363 3313.0160 74.4387 616.9472 3315.0400 81.4442 548.7608 3331.6470 102.4523 341.4878 3373.6320 131.5047 61.1487 3422.0260 216.9861 526.1460 3335.9670 345.7735 376.1883 3305.4730 298.3927 454.1709 3132.1120 248.8452 463.7743 3087.8160 -20.1378 484.4160 3221.5650 41.0062 319.1972 3124.7070 198.6358 417.7978 3097.6490 243.9038 458.8881 3090.4340 184.9753 67.9317 3417.5780 189.2138 -176.0224 3540.2120 119.8595 -500.0399 3730.8410 163.3127 -557.9220 3626.0060 75.3182 53.8686 3358.5470 12.9947 -238.7099 3503.5740 -8.9953 -539.4226 3637.4830 30.9743 -594.9855 3656.8160
95.2741 749.9610 3313.4810 74.7330 617.1276 3315.6030 81.8111 549.0266 3332.3230 103.0282 341.8863 3374.5130 132.1431 61.5098 3422.9030 216.2666 526.6556 3336.7820 346.3525 379.2566 3302.2000 296.0682 459.8073 3131.0200 262.7430 503.6510 3075.0630 -20.0214 485.2104 3222.3940 41.1152 318.3121 3128.6290 198.1297 417.3217 3098.9080 256.2422 491.2197 3081.5220 185.6656 68.5239 3418.4470 188.8543 -176.5590 3541.5810 119.4753 -499.4912 3730.9950 163.0464 -557.3636 3626.2170 75.9118 53.9094 3359.4090 31.6252 -177.8181 3448.5340 -8.1033 -532.5602 3634.0390 27.0411 -591.3782 3653.0190
95.9338 749.8149 3313.5620 75.7067 617.1942 3316.6710 82.6141 549.1621 3333.2630 103.3929 342.0489 3375.0310 132.1395 61.5761 3423.0040 216.5522 526.3103 3337.1010 353.1432 374.1088 3317.6640 308.5379 488.7668 3146.4070 292.1754 528.6825 3103.9300 -19.6802 485.1260 3222.9150 34.3888 317.6468 3135.7700 193.0571 419.5330 3101.1480 239.0191 491.5085 3085.6460 185.6755 68.5491 3419.0900 188.9401 -176.7689 3542.4550 120.1592 -498.8953 3732.2190 163.6703 -556.7760 3627.4060 75.9028 53.9996 3359.3260 9.7590 -231.6814 3505.1390 -8.8588 -539.7298 3638.0410 30.2607 -596.3792 3656.7420
96.0651 749.8804 3313.4860 75.8494 617.2579 3316.9230 82.7485 549.2529 3333.5940 103.4600 342.1632 3375.5800 131.9413 61.6279 3423.7960 216.8537 525.7000 3337.1110 345.5791 360.7017 3333.8920 310.3751 487.3929 3148.3910 310.7189 540.2547 3127.5330 -20.5218 485.0176 3223.8900 34.3894 317.2219 3138.2450 185.2368 429.3081 3097.6310 213.6267 481.1469 3076.1090 185.4985 68.4996 3419.4500 188.6575 -178.0167 3543.9580 119.9450 -498.8404 3732.5680 162.9985 -556.7994 3627.5370 75.7365 54.1163 3360.5780 9.9551 -237.9106 3508.8370 -8.8505 -539.7438 3638.1460 30.8067 -595.7790 3657.1650
96.0760 749.9675 3313.3640 75.8263 617.2382 3316.8990 82.7008 549.2349 3333.5800 103.2218 342.1136 3375.6070 131.0041 61.4178 3423.9070 220.1973 523.8686 3331.9640 346.9826 357.3727 3337.2890 295.3904 491.2976 3140.3180 302.4299 541.8040 3122.1870 -22.1321 485.2083 3225.3630 35.6617 316.6670 3142.1110 213.9118 441.0590 3103.9190 223.5494 487.0148 3098.1710 185.2007 68.3523 3419.4090 188.6224 -178.1454 3544.3210 119.9718 -498.7537 3732.5500 160.2995 -557.1032 3626.2530 73.7696 53.7565 3360.8900 29.4130 -193.2634 3464.1510 -8.5843 -540.4748 3638.4220 31.9680 -595.2907 3658.1540
96.0343 749.9038 3313.3170 75.9195 617.1119 3316.9630 82.7340 549.1857 3333.6050 103.1913 342.1271 3375.5750 130.5273 61.7121 3423.4190 219.0282 524.2438 3331.0260 348.3355 361.0727 3333.2300 283.3828 487.3360 3141.2550 280.6202 533.4358 3081.4540 -22.2373 484.9685 3226.0330 38.0038 316.6979 3142.6100 200.9827 422.6489 3115.6380 259.0071 517.3826 3081.6910 185.1285 68.3834 3419.3560 188.3447 -178.4193 3545.5550 119.6190 -498.6248 3732.6890 159.6072 -557.0173 3626.2350 72.6238 54.4754 3359.4040 17.1180 -242.8733 3503.6510 -8.6222 -540.6895 3638.5560 32.1240 -595.5221 3658.1180
